run 0
model 0
0.8659207552671433
0.8922498479485512
0.9122450903058053
0.9119685769081116
0.9203214392066001
0.9250595033168793
0.9236955925822258
0.9277883350849152
0.9232665494084358
0.9261681661009789
0.9289945378899575
0.9279417306184768
0.9296772867441178
model 1
0.9126694887876511
0.9261199370026588
0.93106479793787
0.9320322006940842
0.9370374262332917
0.9330299317836761
0.935778833925724
0.9404197752475738
0.9375392228364945
0.941033998131752
0.9437169969081879
0.9393182158470154
0.9422326743602752
0.944690679013729
0.9456775456666946
0.9406233578920364
0.9417220771312713
0.9462042495608329
0.9450003266334533
0.9407089442014694
model 2
0.9036112934350967
0.9243244215846061
0.9340599253773689
0.9351702257990837
0.9365367412567138
0.9418592885136604
0.93823022544384
0.9444392397999763
0.9418115496635437
0.9421829536557198
0.9353497684001922
0.938926000893116
0.9455320358276367
model 3
0.8008921757340431
0.8344743072986602
0.8582084685564041
0.8625418230891228
0.8643744230270386
0.8649366423487663
0.8679333403706551
0.8701363369822502
0.8740626975893975
0.878119920194149
0.881512989103794
0.8904806777834893
0.8936111152172088
0.901002511382103
0.9056346639990807
0.9090587809681893
0.9158054992556572
0.9211262062191963
0.9224956557154655
0.9258191168308259
0.9281253531575203
0.9314895272254944
0.9291039317846298
0.9323965191841126
0.9339265078306198
0.9352084502577782
0.9361098304390907
0.9378578558564186
0.9396151393651963
0.9377881199121475
0.9400154232978821
0.9385045796632767
0.937858784198761
0.9399269178509713
0.9408980414271355
0.9415107116103172
0.9402106732130051
0.9416761130094529
0.9428403288125992
0.9412958547472954
0.9414806857705116
0.943139961361885
0.9423230588436127
0.9397610425949097
0.9444580242037773
0.9462651520967483
0.9433391988277435
0.9451321989297867
0.9427459180355072
0.9443945199251175
0.9446059972047806
0.9453773513436318
0.9432687193155289
0.9462489292025567
0.9442653298377991
0.943417203426361
0.9434341102838516
0.9425878405570984
0.9457298457622528
0.9448414400219918
0.9453071221709252
0.9472012296319008
0.9422635108232498
0.947179152071476
0.9407919779419899
0.9420422941446305
0.9454969704151154
0.9475384831428528
0.9446099996566772
0.942990580201149
0.9466866761445999
0.9459297567605972
0.9430317491292953
0.9466455712914467
0.9404513791203499
0.9442398756742477
0.945829102396965
0.9463914975523948
0.947021310031414
0.9427737191319465
0.9439344048500061
0.9474430784583092
0.9445211619138718
0.9450799733400345
0.944993656873703
0.9451201170682907
0.9453999653458596
0.9461815029382705
0.9473029598593712
0.9450530618429184
0.9476956427097321
0.9467942729592324
0.943233534693718
0.9458826243877411
0.9476718515157699
0.945551723241806
0.9457269012928009
0.9453402101993561
0.9425160273909569
0.9462381631135941
0.9458971366286277
0.9467535629868508
0.9444175347685814
0.9436235085129738
0.9475742816925049
0.9437364414334297
0.9452571347355843
0.9472215577960015
0.9470056518912315
0.9454078927636147
0.9450725346803666
0.9461868166923523
0.9483639389276505
0.9470134526491165
0.9439109951257706
0.9421855479478836
0.9450669437646866
0.9478777721524239
0.94372056722641
0.9468563959002495
0.9460769042372703
0.9473518639802933
0.9476019188761711
0.9462240010499954
0.9461406916379929
run 1
model 0
0.867435309290886
0.9049892097711563
0.9160631880164146
0.9136171385645866
0.9217343688011169
0.9255828082561492
0.9271784767508506
0.926757524907589
0.928366732597351
0.929236389696598
0.9279151722788811
0.9214005097746849
0.92662663012743
0.9287934496998786
0.929394568502903
model 1
0.8951359048485756
0.9240207299590111
0.9291688680648804
0.9342642113566398
0.935493391752243
0.9374547392129898
0.9379416108131409
0.9365406155586242
0.9358810365200043
0.9348515585064888
0.9390717417001724
0.9447758510708809
0.9347401991486549
0.9414305329322815
0.9366005301475525
0.9441935896873475
0.9392380937933922
model 2
0.8928284958004952
0.9290377140045166
0.9367188364267349
0.9410994186997413
0.9398662328720093
0.9360113859176635
0.9448028936982155
0.9430026993155479
0.9442894026637078
0.9473730444908142
0.9439322531223298
0.9449585467576981
0.9451518356800079
0.9435851886868477
0.9445545271039009
model 3
0.800656221807003
0.838405366241932
0.8585401728749276
0.869879187643528
0.8708580508828163
0.8810265526175499
0.8860303059220314
0.891449086368084
0.8925000578165054
0.8892469212412835
0.8945570006966591
0.8978516191244126
0.9010590299963951
0.911453115940094
0.9004999741911888
0.9155439034104347
0.911991436779499
0.9152194753289222
0.9124764069914818
0.9214316934347153
0.9213151767849922
0.9206656694412232
0.9198546707630157
0.9081661090254783
0.9252584367990494
0.9174289032816887
0.9183933839201928
0.926992030441761
0.9173096939921379
0.9262370809912681
0.925275020301342
0.9217011824250221
0.9284354954957962
0.926402048766613
0.9304602727293968
0.930526901781559
0.9267638146877288
0.9310616761445999
0.9305766299366951
0.9323778986930847
0.9317000195384025
0.9327500760555267
0.9309970453381539
0.9292941436171531
0.9321561709046364
0.9329885452985763
0.9343045994639396
0.9358676254749299
0.9358102917671204
0.9348011463880539
0.9283376961946488
0.9315145745873451
0.9297225654125214
0.9362427964806557
0.9378454104065895
0.9366136461496353
0.9351854994893074
0.9356551811099052
0.9333135068416596
0.9341194808483124
run 2
model 0
0.8739894673228263
0.8963045477867126
0.914746779203415
0.9165113657712937
0.9223738595843315
0.9144071161746978
0.9237426206469536
0.9242221653461457
0.9275153294205666
0.9281377092003822
0.9287511140108109
0.9296442613005638
0.9302415132522583
0.9297878205776214
model 1
0.9128990694880486
0.9293366000056267
0.9352197900414467
0.9356437802314759
0.9334178239107132
0.9343995660543442
0.9394662380218506
0.9389626517891884
0.9351941525936127
0.9403294771909714
0.9424062877893448
0.9374631971120835
0.9419240549206733
0.9427251607179642
0.9461527392268181
0.9455937087535858
0.942991591989994
0.9465447902679444
0.9432339102029801
0.9340458601713181
model 2
0.8695764794945717
0.9010118648409844
0.9236528605222702
0.93602155148983
0.9370668187737465
0.9393759518861771
0.9428442999720573
0.9421916499733924
0.9448256090283393
0.9408000126481056
0.9366689637303353
0.9418331786990166
0.9457608759403229
0.9411991119384766
0.9451302766799927
0.9440875008702279
0.943844023346901
0.9484683200716972
0.9479244306683541
0.9445122823119163
0.9452390566468238
0.9499474346637726
0.9423230603337288
0.9496554851531982
0.9488992482423783
0.945103894174099
0.946579410135746
model 3
0.8743624731898307
0.8630754396319389
0.8731266528367996
0.8911523625254631
0.8976087421178818
0.8955377116799355
0.9013715103268624
0.9031207084655761
0.9060869336128234
0.9142895117402077
0.9177362412214279
0.9157453358173371
0.9121053457260132
0.9007916241884232
0.9152164667844772
0.9247570663690567
0.925712165236473
0.9245323553681374
0.9163613170385361
0.9260562434792519
0.9169195353984833
0.9260189637541771
0.9221632361412049
0.925334456562996
0.925157344341278
0.9183312430977821
0.9286454930901528
0.9286580413579941
0.9315858528017997
0.9268512338399887
0.9315157353878021
0.9326515391469001
0.932409656047821
0.9312101796269416
0.9320821821689605
0.9298230573534966
0.9335589423775673
0.9328475221991539
0.9314674660563469
0.9289813384413719
0.9288141593337059
0.9354158699512481
0.9269673332571984
0.933047391474247
0.9329263925552368
0.9313262060284615
0.9319389179348946
0.9338949427008629
0.9337151408195495
0.9321425050497055
0.9324336782097816
0.9348641544580459
0.9353653997182846
0.9337452694773674
0.9352648302912712
0.9364759057760239
0.9344229876995087
0.936068195104599
0.9339044243097305
0.9341920673847198
0.935506397485733
0.9355670347809791
0.934079110622406
0.9369304165244102
0.9353110373020173
0.935537900030613
0.9383634850382805
0.9360867902636528
0.9344985961914063
0.9317517191171646
0.9372047677636146
0.9328695386648178
0.9344298869371415
0.9333553865551949
0.936489748954773
0.9354164093732834
run 3
model 0
0.8880678251385689
0.9017879649996757
0.9137681216001511
0.9180091679096222
0.9125343874096871
0.9222048327326775
0.9273429572582245
0.9281520202755928
0.9251129120588303
0.9288821026682854
0.9272289171814918
0.9307942628860474
model 1
0.9070149391889573
0.925005616247654
0.9319421902298928
0.9296405553817749
0.9347434937953949
0.9350683256983757
0.9398027956485748
0.9373668044805527
0.9367513731122017
0.9371358782052994
0.9402249291539192
0.9422329246997834
0.94011450111866
0.9424719348549843
0.9404335632920265
0.9394614264369011
0.9461142912507057
0.935461638867855
0.9447960287332535
0.9398947119712829
0.9447979956865311
0.9443396925926208
0.945728462934494
0.942467212677002
0.9409920528531075
0.944289481639862
model 2
0.9073516517877579
0.9308096095919609
0.9348043814301491
0.9346023708581924
0.9271260291337967
0.9395815819501877
0.9407183945178985
0.9390348881483078
0.9414661347866058
0.9445761337876319
0.9331534847617149
0.9411449939012527
0.9418785661458969
0.9423784926533699
0.940801864862442
model 3
0.8167208969593048
0.8669153213500976
0.8958486780524254
0.9120085269212723
0.9164345681667327
0.9276840880513191
0.9275708109140396
0.92688098102808
0.9321716129779816
0.9334713354706764
0.9346056535840035
0.9332834884524346
0.9353199079632759
0.9404005616903305
0.9370674207806587
0.9382291436195374
0.9368730738759041
0.9382327064871788
0.9390779614448548
0.9395949348807335
0.9422239005565644
0.940151247382164
0.9435647428035736
0.9429599583148957
0.9407345548272132
0.9427870288491249
0.9434421598911286
0.9440069824457169
0.9407470867037773
0.9439406543970108
0.9455708146095276
0.9441843822598457
0.9421243220567703
0.9397418573498726
0.9409155890345573
0.9457494661211967
0.9423063486814499
0.9437560126185417
0.942845618724823
0.9420571357011795
0.9410975694656372
0.9429067999124527
0.9458257466554642
0.9447232514619828
0.9426148921251297
0.946174031496048
0.945089815557003
0.9464874476194381
0.943283063173294
0.9426356703042984
0.9423453763127327
0.9398259744048119
0.9438112869858741
0.9459540203213692
0.9457669168710708
0.9433079332113266
0.9450589045882225
0.9460336297750473
0.9468148037791252
0.943683908879757
0.9423079803586006
0.9456734046339988
0.946324972808361
0.9450787350535392
0.9447508782148362
0.9471041932702065
0.946875362098217
0.9456376656889915
0.9472383365035058
0.9435344085097312
0.9417958155274391
0.9425183013081551
0.9469112381339073
0.9455204010009766
0.9466072008013725
0.9466611802577972
0.9452493503689766
0.9485937595367432
0.9466610506176949
0.9446473136544228
0.9417847737669944
0.9455192878842353
0.9470608532428741
0.9445368945598602
0.9447609350085259
0.9448640704154968
0.9464846611022949
0.9467069715261459
0.946297362446785
0.9459611222147941
0.9446241214871407
0.9451746508479119
0.9441657543182373
0.9458910614252091
0.9433999940752983
0.9477482199668884
0.9441429674625397
0.9484648093581199
0.9450608983635902
0.9463015526533127
0.9459422916173935
0.9448273420333863
0.947595901787281
0.9464496970176697
0.9459176316857338
0.9457781046628952
0.9477448672056198
0.9461628347635269
0.9469949290156364
0.9482985004782677
0.9466256618499755
0.9443398863077164
0.9459574714303016
0.9487145021557808
0.9482233464717865
0.9480262905359268
0.9496826320886612
0.9466077461838722
0.9431752026081085
0.9478222265839576
0.946104085445404
0.9434873223304748
run 4
model 0
0.853505653142929
0.905515943467617
0.9049513831734657
0.9096662670373916
0.9237333789467812
0.9106273040175438
0.9253152072429657
0.929327954351902
0.9256450772285462
0.928385779261589
0.9277803331613541
0.9226732835173607
0.93091089874506
model 1
0.9083872437477112
0.92600007802248
0.931674624979496
0.9335382416844368
0.9381419762969017
0.9392703771591187
0.9379497826099396
0.9355988398194313
0.9414536491036415
0.934948892891407
0.9419453606009484
0.9410918772220611
0.9457061380147934
0.9447438850998878
0.9464763388037681
0.9463407799601555
0.9469131082296371
0.9458880543708801
0.9449102774262428
0.9423485681414604
0.9433414384722709
0.948055611550808
0.942964817583561
0.9437643826007843
0.9434675946831703
0.9464503183960915
0.9456245243549347
model 2
0.8904557555913926
0.9313509106636048
0.9355243727564811
0.9401779100298882
0.9378149837255478
0.9400197625160217
0.9420221492648124
0.9431004405021668
0.9394089698791503
0.9422760292887687
0.9394533634185791
0.9426795616745949
0.9466406255960464
0.9439033418893814
0.9428745537996293
0.9414591997861862
0.9440256580710411
0.9381631463766098
model 3
0.8747264072299004
0.8764675989747047
0.8809034153819084
0.882601085305214
0.8926776856184006
0.9004859149456024
0.9037073880434037
0.8971457377076149
0.9054794400930405
0.9056057915091514
0.9132076740264893
0.9152299180626869
0.9163096949458123
0.9170037150382996
0.918001452088356
0.9213312849402427
0.918168292939663
0.9185136541724205
0.9226442858576774
0.9220165520906448
0.926112973690033
0.925758670270443
0.9242126658558846
0.9223127365112305
0.9207461625337601
0.9252842739224434
0.9249471336603164
0.9268479689955711
0.9213446915149689
0.9289112567901612
0.9273815020918846
0.9281923279166222
0.9272927552461624
0.9284427836537361
0.9286624625325203
0.9244035258889198
0.919017244875431
0.9256945699453354
0.9256410911679268
0.9281662106513977
0.9314757451415062
0.9287718400359154
0.9308471262454987
0.933151850104332
0.9243247956037521
0.9289859876036644
0.9340637147426605
0.9299489915370941
0.9319965571165085
0.9309897154569626
0.9325658664107322
0.9310580000281334
0.923740953207016
0.9308531582355499
0.9298733696341515
0.9331208035349846
0.9360490322113038
0.9309126108884811
0.9306504622101783
0.9330548226833344
0.9335598289966583
0.93468057513237
0.9336797386407852
0.9303558215498924
0.9351160079240799
0.933499452471733
0.9356732428073883
0.9346721291542053
0.9360256314277648
0.9330431416630744
0.9324510350823403
0.9325319230556488
0.9338585361838341
0.9357965603470803
0.9307776555418968
0.9364871755242348
0.9352019056677818
0.931978702545166
0.9368323639035225
0.930569663643837
0.9353750422596931
0.9340869143605233
0.932848046720028
0.9318857848644256
run 5
model 0
0.8773594379425049
0.9093831300735473
0.9060003444552421
0.9109066024422645
0.9203672885894776
0.9256269276142121
0.9240671709179878
0.9272665113210679
0.9194591239094734
0.9240110501646995
0.9284608513116837
0.9272435382008553
0.9295005694031715
0.9278951942920685
0.9297296449542045
0.9316835016012192
0.9335968598723412
0.931324927508831
0.9309113442897796
0.9288035333156586
0.9277265220880508
0.9292754307389259
model 1
0.9115443378686905
0.9258521795272827
0.9218977183103562
0.9299539998173714
0.9383674263954163
0.9306648761034012
0.9402177318930626
0.9373325809836388
0.9430309921503067
0.9389666870236397
0.9446565732359886
0.943733985722065
0.9362572744488716
0.9414989441633225
0.9441844120621681
0.9406240493059158
model 2
0.8690339356660843
0.8937273919582367
0.9074203327298165
0.9136735811829567
0.9188557952642441
0.9184765800833702
0.9263192743062973
0.9260801881551742
0.9237401559948921
0.9300231128931046
0.9318449005484581
0.9338726997375488
0.932653971016407
0.9345157295465469
0.9305356472730637
0.9363008379936218
0.9359751626849174
0.9381874784827232
0.9340595245361328
0.9373796880245209
0.9368391573429108
0.9342868775129318
0.941062904894352
0.9377609029412269
0.9375742137432098
0.9401318207383156
0.940846611559391
0.9373602494597435
model 3
0.8261326760053634
0.8378541603684425
0.8582258686423302
0.8671867668628692
0.8787406131625175
0.8939539685845375
0.9024543642997742
0.9016453206539154
0.9018072500824929
0.9111480489373207
0.9108990103006362
0.9124502614140511
0.9167390406131745
0.926007229089737
0.9231333166360856
0.9274196967482566
0.9267305970191956
0.9225710183382034
0.9279811888933182
0.9219815105199813
0.9240081936120987
0.9256900608539581
0.925554284453392
0.9329183340072632
0.9333654090762138
0.9328217536211014
0.9291711464524269
0.9293750897049904
0.9321383476257324
0.932930526137352
0.9335187509655952
0.9334477767348289
0.9334724768996239
0.9318991288542747
0.9331846982240677
0.9335850164294243
0.9304147586226463
0.9342586845159531
0.9370714709162712
0.9358341723680497
0.9365176260471344
0.9348418086767196
0.9336668729782105
0.9349609255790711
0.9382952496409416
0.9388890355825424
0.9383341103792191
0.9371645852923394
0.9374766156077385
0.9357977092266083
0.9348679080605506
0.9426988899707794
0.9397973850369453
0.9372519806027413
0.9375772267580033
0.9329376295208931
0.9394776061177254
0.9386199206113816
0.9361858442425728
0.9388305187225342
0.9390508189797402
0.9400663554668427
0.9379377663135529
0.9380785241723061
0.938627353310585
0.941553284227848
0.9370803534984589
0.9394841939210892
0.9388969600200653
0.933618338406086
0.9416973292827606
0.9417418539524078
0.94020194709301
0.9408468708395958
0.9400638163089752
0.94218128323555
0.9444517090916633
0.9407627627253532
0.9399655014276505
0.9390897259116173
0.9431642085313797
0.9404902219772339
0.9417677313089371
0.9425600036978722
0.9422804638743401
0.9381274312734604
run 6
model 0
0.8849307879805565
0.9004217430949211
0.9166040316224098
0.9205383494496345
0.9205359414219856
0.9209010645747184
0.9217937529087067
0.9280959308147431
0.92720345556736
0.9279086470603943
0.923934081196785
0.9306330308318138
0.9300611302256584
0.9280895873904228
0.9286007896065712
0.9324051335453987
0.9304390490055084
model 1
0.8939154893159866
0.9130905941128731
0.9206062480807304
0.9309783175587654
0.9357739716768265
0.9377867400646209
0.9386577695608139
0.9402600452303886
0.9364250734448433
0.9417567655444146
0.9425805926322937
0.9368902698159218
0.9368970721960068
0.941129207611084
0.9403293445706368
0.9466746345162391
0.941571855545044
0.9386503100395203
0.9360743820667267
0.9454627305269241
0.9434829249978065
model 2
0.8987827286124229
0.9225258082151413
0.9343700885772706
0.9349035054445267
0.9340624362230301
0.9370042711496354
0.9416160941123962
0.9409194350242615
0.9436722099781036
0.9455011770129204
0.9428467407822609
0.9377920255064964
0.943357202410698
0.9445611298084259
0.945172056555748
0.9464603066444397
0.9372429981827736
0.9454441905021668
0.9465231522917747
0.9479189828038216
0.9414997890591621
0.9412818372249603
0.9448409855365754
0.9484166979789734
0.9483817175030709
0.9493076175451278
0.9503786772489548
0.9505959615111351
0.9474145770072937
0.9503478676080703
0.9490912556648254
0.9500963971018791
model 3
0.90462696403265
0.9190601065754891
0.930847804248333
0.9347275480628013
0.9355386912822723
0.9369032844901085
0.9386220753192902
0.9405654713511467
0.9380986779928208
0.9416759625077248
0.9397500321269036
0.943409663438797
0.9419904515147209
0.9429705366492271
0.9431222409009934
0.9412391975522041
0.9427142173051835
0.943580438196659
0.9467142730951309
0.9442492663860321
0.9435443297028542
0.9443032369017601
0.9448519513010979
0.943675534427166
0.9430119574069977
0.9445820480585099
0.9444198712706566
0.9455983236432075
0.9456613078713417
0.9477729797363281
0.9485849142074585
0.9463311791419983
0.9481337174773217
0.9452603533864021
0.9414728447794914
0.943541844189167
0.9459781125187874
0.9459022253751754
0.9464267551898956
0.9440096274018288
0.9459815174341202
0.9449352785944939
0.9437456756830216
0.9464543327689171
0.9454002186655999
0.9475863873958588
0.9474087327718734
0.9442382887005806
0.9469618499279022
0.9474055394530296
0.9474261775612831
0.9462603256106377
0.9446300819516182
0.9469774410128593
0.9445578157901764
0.9489288419485092
0.9472570344805717
0.9462628573179245
0.9439615651965141
0.9485411986708641
0.9445316895842553
0.9468316689133645
0.9456908747553825
0.9408863753080368
0.9464371353387833
run 7
model 0
0.8536926925182342
0.9006409049034119
0.9078674420714379
0.9176165431737899
0.9240872308611869
0.9182679191231727
0.9203020706772804
0.9217514514923095
0.9249426007270813
0.9300929591059685
0.9275636225938797
0.929864102602005
0.9251614168286324
0.9270042791962624
0.9266698822379112
model 1
0.9066658735275268
0.9268822237849236
0.9326924741268158
0.9314054250717163
0.9388809993863105
0.9386174499988555
0.9404201045632362
0.9383999481797218
0.9396976545453072
0.9442970111966134
0.9376071557402611
0.9412612169981003
0.9404626473784446
0.9365334555506706
0.9397264257073402
model 2
0.9076521322131157
0.9355816185474396
0.9296083495020866
0.9401745721697807
0.9403558373451233
0.9416428923606872
0.945219375193119
0.9437607482075692
0.9413139328360558
0.9420508310198784
0.9448369830846787
0.9451171875
0.944972725212574
0.9441804453730583
0.9436035692691803
0.9431251585483551
0.9387603178620338
0.9406282544136048
model 3
0.8898049145936966
0.91347466558218
0.9282768353819847
0.9352246716618537
0.9370778411626816
0.9380237445235252
0.9382769897580147
0.9390581324696541
0.9390766426920891
0.9382671594619751
0.9384791061282158
0.942525939643383
0.9413995280861854
0.9414699748158455
0.9429962530732154
0.940267539024353
0.9442571461200714
0.9406406253576278
0.9427337601780892
0.9437482759356499
0.9427721977233887
0.9458830311894417
0.9415635854005814
0.9403386697173118
0.9455714255571366
0.9444044977426529
0.944839496910572
0.9453099340200424
0.9446017324924469
0.9464576840400696
0.9442583203315735
0.9422545820474625
0.9453147515654564
0.9429511040449142
0.9462997555732727
0.943814143538475
0.946070471405983
0.9431967690587044
0.9429262042045593
0.9454900175333023
0.9385635435581208
0.9455724656581879
0.9443258941173553
0.9465015977621078
0.9468170195817948
0.9459472358226776
0.9469609156250953
0.9441274985671043
0.9448888137936592
0.9474083036184311
0.9465017959475517
0.945556926727295
0.9426100611686706
0.9476427346467972
0.9458233550190925
0.9454160556197166
0.9450088053941726
0.9480732902884483
0.944909755885601
0.944719722867012
0.9455280467867851
0.9465595036745071
0.9431116238236428
0.9449518039822579
0.9453427210450173
0.9476369172334671
0.9414616480469704
0.9436873868107796
0.9443657666444778
0.9453634798526764
0.9449832960963249
0.9419221341609955
0.9445735231041908
0.9459801688790321
0.9432785555720329
0.9430805444717407
0.9483072310686111
0.9442152708768845
0.9459924340248108
0.9443516924977302
0.944792753458023
0.9475640401244163
0.9475120767951012
0.9437220484018326
0.944908757507801
0.9448768764734268
0.9460408851504326
0.9471854388713836
0.9463962137699127
0.9475903645157814
0.9451866075396538
0.942991353571415
0.9450267806649209
0.9496463879942894
0.9460009038448334
0.944947800040245
0.947687977552414
0.9477631151676178
0.9474539056420326
run 8
model 0
0.8715366080403328
0.900517649948597
0.9012847870588303
0.914090222120285
0.9176374524831772
0.9234655156731606
0.9261924788355828
0.9240111887454987
0.9291141673922538
0.9287008792161942
0.9264179825782776
0.9251685783267021
0.925219501554966
0.9298911362886428
model 1
0.9120218008756638
0.9278248593211174
0.9326668679714203
0.9340200141072273
0.9384078368544578
0.9386913076043129
0.9383767947554589
0.9387855678796768
0.9395862996578217
0.9360313788056374
0.9416716888546943
0.9445881158113479
0.9401838093996048
0.9375736162066459
0.9432448506355285
0.9407291412353516
0.9442928403615951
model 2
0.9006819248199462
0.9265481159090996
0.9294334828853608
0.9361380994319916
0.939160305261612
0.9379720911383629
0.9406369909644127
0.9408745124936104
0.9396162047982216
0.9369225144386292
0.9425631165504456
0.9389490857720375
0.942757959663868
0.9432834029197693
0.9430218353867531
0.9436567336320877
0.9420769557356834
0.9454164132475853
0.9397681891918183
0.9435256347060204
0.9431625306606293
0.9456135377287864
0.9440525904297828
0.9418171137571335
0.9425051242113114
0.9467142835259438
0.9449257627129555
0.9453737512230873
0.9429397240281105
0.9441619247198105
0.9452701926231384
model 3
0.8579475969076157
0.8889088302850723
0.9103439390659332
0.9204142451286316
0.9272384315729141
0.9298003211617469
0.9324525982141495
0.9333715155720711
0.9366490766406059
0.936226972937584
0.9358185112476349
0.934271191060543
0.9370713755488396
0.9388582453131675
0.9363291546702385
0.9384469121694565
0.9381377995014191
0.9380519837141037
0.9375297114253044
0.9373774424195289
0.9357510849833488
0.9402369052171707
0.937601412832737
0.9416617184877396
0.9395821422338486
0.940948648750782
0.9396780729293823
0.9412061780691147
0.9408876448869705
0.9384942665696144
0.9404912129044533
0.9420358225703239
0.9405900493264199
0.942313177883625
0.9397834658622741
0.937467736005783
0.9403185829520225
0.9410427287220955
0.9418147936463356
0.9400340840220451
0.9421971514821053
0.9432658180594444
0.941948963701725
0.9426365658640862
0.9400727987289429
0.9430515006184578
0.9420359089970589
0.9448740869760514
0.9417078033089638
0.9444992437958717
0.939951828122139
0.9428000092506409
0.9414332270622253
0.9434750571846962
0.9428312391042709
0.9433317139744759
0.9410227626562119
0.9427446454763413
0.9443925216794014
0.9406390219926835
0.9399978294968605
0.9444347426295281
0.9437533140182495
0.9434263199567795
0.9396696984767914
0.941612958908081
0.9430752754211426
0.9405997693538666
0.9426445960998535
0.9455120503902436
0.9415935963392258
0.9433739840984344
0.9412746712565422
0.9435957968235016
0.9441625431180001
0.9458882004022598
0.9429828956723213
0.9444677725434303
0.9462009623646737
0.9433068960905076
0.942958191037178
0.9432781711220741
0.9408294945955277
0.9431834056973457
run 9
model 0
0.8832739353179931
0.9027325853705406
0.9101994156837463
0.9177592039108277
0.917850486934185
0.9226161509752273
0.920510658621788
0.922791363298893
0.9276924848556518
0.9271251425147057
0.9222639769315719
0.9292908564209938
0.9307103946805
0.9291716292500496
0.9285017415881157
model 1
0.9079183548688888
0.9269963458180428
0.9239062413573265
0.9362225368618965
0.9388180300593376
0.9333405897021294
0.9395976662635803
0.9356140732765198
0.9373370870947838
0.9340233728289604
0.9311805188655853
0.9387597128748894
model 2
0.8882815599441528
0.9258202329277992
0.9350670337677002
0.9317049860954285
0.9383632779121399
0.9393389463424683
0.9416481137275696
0.9423498377203942
0.94248648583889
0.9414521917700768
0.9447440430521965
0.9447560384869576
0.9414877086877823
0.9417910292744637
0.946309506893158
0.9471524342894554
model 3
0.8055099472403526
0.8444523438811302
0.8615608796477318
0.8721479296684265
0.8747637420892715
0.8852743342518806
0.8875399306416512
0.889741963148117
0.8966739922761917
0.8977313071489335
0.9007659792900086
0.9023213118314743
0.9068437486886978
0.9050377160310745
0.915006797015667
0.9140817210078239
0.9139169052243232
0.909664960205555
0.9035142958164215
0.9174025356769562
0.9197020396590233
0.9186775207519531
0.9216029196977615
0.9256588265299797
0.9180359452962875
0.9240992158651352
0.9207554727792739
0.9159842446446419
0.9259872451424599
0.9226808205246926
0.9267934709787369
0.924508410692215
0.9249070197343826
0.9275449395179749
0.9286485806107521
0.9272935509681701
0.928637906908989
0.9307886198163032
0.9291506633162498
0.9282904550433159
0.9303136855363846
0.9310521513223649
0.9285755708813668
0.9318509444594383
0.9313276141881943
0.9338331505656242
0.9329237833619117
0.9324571192264557
0.9345040500164032
0.933034996688366
0.9349508509039879
0.9334404185414314
0.9333993032574653
0.935887698829174
0.9410912662744522
0.9427105322480201
0.9411669179797173
0.9400376304984093
0.9398017942905426
0.9408268705010414
0.9441573351621628
0.9425513774156571
0.9414571180939675
0.9430790945887566
0.9449262678623199
0.9401734054088593
0.9436615169048309
0.9419672265648842
0.9421237096190452
0.944564363360405
0.9425128176808357
0.9414592698216439
0.9440319329500199
0.9411020293831825
0.9419157609343529
0.9420903921127319
0.9446822568774224
0.9444052934646606
0.9441749319434166
0.9435306057333946
0.9440349459648132
0.9446395084261894
0.9438011229038239
0.9446596533060074
0.9430038020014763
0.9438613429665565
0.9431920230388642
0.9434205010533333
0.9451639279723167
0.9444020494818688
0.9453272059559822
0.9464384660124778
0.9451721012592316
0.9448060378432274
0.9443799778819084
0.944305743277073
0.9462249606847764
0.9462953031063079
0.9426988273859024
0.9455794766545296
0.943709172308445
0.942198920249939
0.9462643295526505
0.9469111308455467
0.9452007085084915
0.9452084928750992
0.9456124290823936
0.9446940496563911
0.9435764327645302
0.9451189935207367
0.9420386865735054
0.9469046518206596
0.9435731872916222
0.9434971079230309
0.9433991208672523
0.9436114206910133
0.9439265340566635
