run 0
model 0
0.9116810351610184
0.9287189647555352
0.929659578204155
0.9340702340006828
0.9339202031493187
0.936165526509285
0.9339611232280731
0.9371033549308777
0.9408299684524536
0.9398995697498321
0.9430991470813751
0.9387079671025276
0.9411278709769249
0.9333024680614471
0.9370887383818627
0.9353626638650894
0.9445879325270653
0.9395476028323173
0.9345358923077584
0.9442514538764953
0.9389506578445435
0.9412301152944564
model 1
0.9151790514588356
0.927345772087574
0.9339019015431405
0.9377443328499794
0.9375567257404327
0.9426650732755661
0.9435725256800651
0.9466670840978623
0.9391924604773522
0.9457479372620583
0.946829991042614
0.9409272462129593
0.945064702630043
0.9437758401036263
0.9462542057037353
0.9454071313142777
0.9425336867570877
0.9453614667057991
0.9391070991754532
0.9466794103384018
0.9440823554992676
0.9434560403227806
0.9480433583259582
0.9436232268810272
0.9473900333046913
0.9469741627573967
0.9467447251081467
0.9444667771458626
0.9472690314054489
0.9448125302791596
0.9444914326071739
0.9429036229848862
model 2
0.912644624710083
0.9278735622763634
0.9341907382011414
0.9393328696489334
0.9397589817643166
0.9409923925995827
0.945332233607769
0.9424378767609596
0.9442656502127648
0.9462448060512543
0.9475451365113259
0.9491920113563538
0.9488351345062256
0.9472971752285957
0.9468305096030235
0.9484647497534752
0.945738185942173
0.9509087428450584
0.9516884595155716
0.9492893606424332
0.9522821307182312
0.9505156978964806
0.9499206528067589
0.9489803373813629
0.9411464989185333
0.9524530410766602
0.9500335738062858
0.9529239550232887
0.9504321455955506
0.9496775150299073
0.9480894088745118
0.9496276319026947
0.9517216458916664
0.9519681349396706
0.9489103749394416
0.9516591936349869
0.9458299621939659
0.9503031611442566
0.9523004248738289
0.9514574259519577
0.9512205019593238
0.9475362986326218
0.9474445804953575
0.954311640560627
0.9525033488869667
0.9532540276646614
0.9504550948739052
0.9513462409377098
0.9531967252492904
0.9527394786477089
0.9485510006546974
0.9497159123420715
0.9490689933300018
0.9526385396718979
model 3
0.8360315352678299
0.8597754657268524
0.8677922666072846
0.8755458116531372
0.8876521766185761
0.8867625921964646
0.8955146431922912
0.9014766946434974
0.9094791188836098
0.9097905904054642
0.913744293153286
0.9124814167618751
0.9167170330882073
0.9197138518095016
0.9218514412641525
0.9234806567430496
0.9234591960906983
0.9211596816778183
0.9200882256031037
0.9223695263266564
0.9260863736271858
0.9280118644237518
0.9263102144002915
0.9313456699252128
0.9324955090880394
0.9326188832521438
0.933762775361538
0.9327462419867516
0.9318634927272796
0.9306406274437904
0.9294194430112839
0.9327150553464889
0.9307622715830803
0.9356326967477798
0.9324116319417953
0.936022162437439
0.9328882530331611
0.9323025465011596
0.9364491239190101
0.9387890830636024
0.9339289620518685
0.9362551182508468
0.9348438650369644
0.9374020397663116
0.937288136780262
0.936296570301056
0.9298196822404862
0.9391525909304619
0.9388623520731926
0.9384887516498566
0.9352915346622467
0.9407081261277199
0.9395450100302696
0.9394391238689422
0.9379066124558448
0.9383763134479522
0.9347292110323906
0.9343572929501534
0.9358157142996788
0.9398209244012833
0.9389036297798157
0.9377703636884689
0.935892091691494
0.9413986846804618
0.9390708819031716
0.9415444999933242
0.9399424150586129
0.9392905607819557
0.9378447473049164
0.9393762677907944
0.9345419511198998
0.9396094813942909
0.9413879826664925
0.9406243279576302
0.9419206440448761
0.941271311044693
0.9402586340904235
0.9394642263650894
0.9404383942484855
0.9367602646350861
0.9390868678689003
0.9375072255730629
0.9415392100811004
0.9360384941101074
0.9375117927789688
0.9398431867361069
0.9341625511646271
0.9357655301690102
run 1
model 0
0.9184891700744628
0.9299362108111382
0.9271785706281662
0.9375366821885109
0.9357745334506035
0.9375247776508331
0.940551632642746
0.9337986528873443
0.9375863030552865
0.940662331879139
0.9404826253652573
0.9290510609745979
model 1
0.9236149355769158
0.9345109209418296
0.9374616920948029
0.9415696769952774
0.941831485927105
0.9447442427277565
0.9408718436956406
0.9418199583888054
0.9453881174325943
0.9418628618121148
0.9429659694433212
0.9434092968702317
0.939963997900486
0.9445090144872665
0.9465118274092674
0.9434041827917099
0.9444446265697479
0.9463129803538323
0.943086077272892
0.938982431590557
0.9446034491062164
0.9375361278653145
0.9443704724311829
model 2
0.8832812890410423
0.9165046349167824
0.9239977240562439
0.9275473430752754
0.9320836648344993
0.9368972048163414
0.9346116468310356
0.9386578887701035
0.9362650990486145
0.9398866251111031
0.9430600062012673
0.9445444270968437
0.9423137709498406
0.9450790703296661
0.9424608379602433
0.9473651051521301
0.9462105214595795
0.9438467055559159
0.9460596382617951
0.9462343364953995
0.9498268231749535
0.9440905943512916
0.9439225867390633
0.9466385692358017
0.9478618487715721
0.9492886587977409
0.9432408884167671
0.9486631497740745
0.948578779399395
0.947270630300045
0.9471662893891335
0.9495762124657631
0.9493428111076355
0.9492929369211197
0.9466709852218628
0.944666513800621
0.946995297074318
0.947036960721016
0.946780264377594
0.9502878189086914
0.9482673242688179
0.9500901490449906
0.945562082529068
0.9474240779876709
0.9479713320732117
0.950186724960804
0.9513992235064507
0.9455039545893669
0.9497463956475258
0.9519892752170562
0.9475398108363151
0.9498878642916679
0.9508533328771591
0.9482219889760017
0.9492729499936103
0.9485311925411224
0.946826009452343
0.9485324382781982
0.9454695388674736
0.9505228936672211
0.9513239294290543
0.9512382805347442
0.9506285279989243
0.9486784934997559
0.9514527052640915
0.9487115174531937
0.9503643304109574
0.947638888657093
0.949030676484108
0.9504089832305909
0.9446849569678306
0.9513115122914314
0.9522037371993065
0.9483245193958283
0.9459496647119522
0.9509644851088523
0.9502076581120491
0.948245795071125
model 3
0.8247968465089798
0.8833561286330223
0.8991908922791481
0.9082183927297592
0.9108564123511315
0.9145928546786308
0.9208470284938812
0.9233331635594368
0.9239000096917153
0.9269964545965195
0.9290630474686623
0.9321708530187607
0.9326157942414284
0.9365159720182419
0.937367920577526
0.9391976028680802
0.9400412112474441
0.942937308549881
0.941890911757946
0.9425796285271645
0.9468008309602738
0.9455228313803673
0.9453655645251274
0.9462246060371399
0.9453583240509034
0.9482455000281333
0.9463410526514053
0.9450027659535408
0.9479208558797836
0.9448217540979386
0.9457723304629326
0.9465291261672973
0.9500606402754783
0.9473830595612526
0.9486403182148934
0.9480752274394035
0.9451826408505439
0.9459639579057694
0.9479320541024208
0.9496848985552788
0.9487512439489365
0.9493425235152244
0.9454771131277084
0.9474579423666001
0.9468049228191375
0.9494713470339775
0.9500105857849122
0.9483610540628433
0.94961276948452
0.9488137170672417
0.9472989484667778
0.9483644187450408
0.9468281909823417
0.9444595158100129
0.9468842372298241
0.9491057723760605
0.9473351046442986
0.9489313453435898
0.951642569899559
0.9502682864665986
0.9455719947814941
0.9480402693152428
0.949718964099884
0.9476141571998596
0.9502406701445579
0.9491244420409203
0.9467803984880447
0.9458191201090813
0.9467591926455498
0.9499736785888672
0.9504050761461258
0.9493230387568474
0.9502815395593643
0.9489728525280953
0.9451217249035835
0.9463626608252526
0.9457168966531754
0.9479797691106796
0.9489133760333062
0.9456361919641495
0.9493545010685921
0.949442732334137
0.951907967031002
0.9465832427144051
0.9501227140426636
0.9466660425066948
0.9492763012647629
0.9499882623553276
0.9468449860811233
0.946248696744442
0.9465966030955315
0.9495437547564507
0.9469168499112129
0.9452349737286567
0.9463923588395119
0.9486337572336196
0.9458366602659225
0.9478076830506325
0.9486798122525215
0.9456491276621819
0.9441706880927085
0.9456764489412308
0.9475242599844933
0.9494663715362549
0.9463516905903816
0.9451041296124458
0.9483912497758865
0.9477097392082214
0.9487262800335884
0.949083523452282
0.9508775979280472
0.9517956435680389
0.9504993617534637
0.947488771378994
0.946057666838169
0.9455394998192788
0.9511911287903786
run 2
model 0
0.9167499005794525
0.9325202912092209
0.935671491920948
0.940742765367031
0.9406724750995636
0.9393335670232773
0.9407053604722023
0.9339886993169785
0.937971693277359
0.9400345340371132
0.9401485115289688
0.9418225914239884
0.9386536628007889
0.9400013983249664
0.9414046421647072
model 1
0.9266619026660919
0.9306747242808342
0.9360718324780464
0.9374674379825592
0.9384618371725082
0.9360606908798218
0.9380947038531303
0.9436234369874
0.9431369870901107
0.9428905665874481
0.9465807676315308
0.9455713227391243
0.9455133825540543
0.94902413636446
0.9492564693093299
0.9479587465524674
0.9451115861535072
0.949516712129116
0.9463867351412774
0.9482896268367768
0.9471997767686844
0.950188846886158
0.939231875538826
0.946273298561573
0.9486053317785264
0.9427652642130852
0.9496017634868622
model 2
0.8827877253293991
0.9332955449819564
0.9364618510007858
0.9422050848603248
0.9438830360770225
0.9452854290604591
0.9449550211429596
0.9481866285204887
0.9464443445205688
0.9461436673998833
0.9510290384292602
0.9494560271501541
0.945237185060978
0.948679755628109
0.9505188867449761
0.9487195089459419
0.9480598330497741
0.9513819858431816
0.9477600932121277
0.949053755402565
0.9531244680285453
0.9496331289410591
0.9529523313045501
0.9501624271273613
0.9522627085447312
0.9475903287529945
0.9525002151727676
0.9528311103582382
0.9510678797960281
0.9539295241236687
0.9513888821005821
0.9518946066498757
0.949145370721817
0.9538448929786683
0.9518467038869858
0.9522639602422714
0.9517770811915398
0.9517625540494918
0.9508845761418343
0.9511009737849235
0.9475692182779312
0.9495326176285743
0.9516470700502395
0.9517466306686402
0.9547654405236244
0.9516462162137032
0.9515569761395455
0.953361664712429
0.9530636236071587
0.9538368925452232
0.9546801343560218
0.950854343175888
0.9533825218677521
0.9524918213486672
0.9495930373668671
0.9548809975385666
0.9493768438696861
0.95344148427248
0.952236856520176
0.9519105881452561
0.9474628746509552
model 3
0.8933971881866455
0.9193391472101211
0.9272032111883164
0.9304891943931579
0.9343149930238723
0.9353980660438538
0.9380910903215408
0.9386046335101128
0.9402717635035515
0.9395125821232796
0.9442444071173668
0.94343753606081
0.9447375342249871
0.9468196824193
0.9471558704972267
0.9448628783226013
0.9445369198918343
0.9475822731852531
0.9473206952214241
0.946327343583107
0.947684982419014
0.9476351156830788
0.9476680874824523
0.9486600264906884
0.9479285210371018
0.9460404634475708
0.9479508176445961
0.9490585878491402
0.9465018048882484
0.9437241092324257
0.9445637449622154
0.9467074751853943
0.9497387632727623
0.945982813835144
0.950606057047844
0.9491008952260017
0.9500569894909858
0.9496522948145867
0.9482046514749527
0.9494324013590812
0.9498200789093971
0.9471086338162422
0.9478844448924064
0.9488665446639061
0.9503982558846473
0.9468522518873215
0.9510843321681023
0.9484536275267601
0.952033206820488
0.9492069616913795
0.9506587147712707
0.9511555522680283
0.9526531517505645
0.9467477038502693
0.9512388423085213
0.9491620972752571
0.9478353962302208
0.949182441830635
0.9488852143287658
0.9461456432938575
0.9489170238375664
0.952378460764885
0.9503724202513695
0.9507465496659279
0.9465420812368393
0.9478722617030144
0.9505230650305748
0.9493961855769157
0.9484102889895439
0.9494949147105217
0.9500880643725396
0.9507978081703186
0.9515535280108451
0.9521512567996979
0.9494287088513375
0.9458617761731147
0.9470874652266502
0.9517751678824424
0.9520539775490761
0.9513509899377823
0.9497264668345451
0.9516220986843109
0.9533731281757355
0.9505106970667839
0.9513275638222695
0.9506378516554832
0.9523521691560746
0.9480633050203323
0.9533593088388443
0.9506366297602653
0.9512160941958427
0.9494972929358483
0.9524301439523697
0.95387232452631
0.9517933949828148
0.9493295505642891
0.948672741651535
0.9526343315839767
0.9505283832550049
0.9520327553153038
0.9536885067820549
0.9519238755106926
0.9523691415786744
0.9476556703448296
0.9518531277775765
0.9513699814677239
run 3
model 0
0.9190603107213974
0.932834954559803
0.9364351704716682
0.9369636490941048
0.9341459706425667
0.9429709628224373
0.9383990839123726
0.9376826405525207
0.9407995045185089
0.9382913008332252
0.9391962870955467
0.9346230536699295
0.9424803882837296
0.9376432746648788
0.94000284075737
0.9380337208509445
0.940475894510746
0.9298468098044396
model 1
0.9196978077292443
0.930197311937809
0.9374196007847786
0.9394635543227196
0.9419390290975571
0.9443779557943344
0.9371030539274215
0.9426042586565018
0.939785760641098
0.9412343084812165
0.945159050822258
0.9452482759952545
0.9470013797283172
0.9443504109978675
0.9471650183200836
0.9456467032432556
0.9446659028530121
0.9439672410488129
0.943838857114315
0.9455707922577858
0.9454407706856728
0.9456860169768333
0.9477410316467285
0.946700069308281
0.9456446543335915
0.9439983382821083
0.9445443481206894
0.9419875934720039
model 2
0.92538181245327
0.936063538491726
0.9401895776391029
0.9439535662531853
0.9440493777394294
0.9480097398161889
0.9442623019218445
0.9460300147533417
0.9439965650439263
0.9465900883078575
0.9466901034116745
0.9465736404061318
0.9466064929962158
0.9453005120158195
0.9444740310311317
0.942486298084259
0.9466165393590927
0.9489468574523926
0.9438234493136406
0.9466404691338539
0.9435128971934319
0.950346152484417
0.9448393031954765
0.9461750939488411
0.9465148732066154
0.942795230448246
0.9445454239845276
0.9493064314126969
0.9469761788845062
0.9502707704901695
0.9467244416475296
0.9482459053397179
0.9479623481631279
0.9507858544588089
0.950766333937645
0.9462266728281975
0.949503967165947
0.9473158732056618
0.947081258893013
0.94785877764225
0.950058038532734
0.9492784082889557
model 3
0.8464699983596802
0.8626764491200447
0.8712634190917015
0.8672621279954911
0.8573935762047767
0.8517291739583015
0.8557938307523727
0.8552341595292091
0.8590690046548843
0.8658581808209419
0.8701515153050423
0.8825879707932472
0.8859497457742691
0.8963309228420258
0.9042010232806206
0.9103449612855912
0.9168242782354354
0.9203293472528458
0.9230986505746841
0.922372791171074
0.9280044749379158
0.9305374473333359
0.9289067849516869
0.9386333644390106
0.9373985201120376
0.9385628715157509
0.9399809867143631
0.9384786427021027
0.9398995965719223
0.9394225060939789
0.9373695760965347
0.9401498049497604
0.9447185650467873
0.9455099657177926
0.9431398525834084
0.9406759813427925
0.9438136100769043
0.942902809381485
0.9434740006923675
0.9429715603590012
0.9454025849699974
0.9410839900374413
0.9454101368784904
0.9412052750587463
0.9435553625226021
0.9441122561693192
0.9447564586997033
0.9433918297290802
0.9450676769018174
0.9471873864531517
0.9463829025626183
0.9446056559681892
0.9464739948511124
0.9472929507493972
0.9413769841194153
0.9451732560992241
0.9468603625893592
0.9467031046748161
0.9440235197544098
0.9448567911982536
0.9462422311306
0.9468585535883903
0.9459885656833649
0.9462224513292312
0.9475388333201409
0.9436958938837051
0.9448306486010551
0.9463721290230751
0.944699190557003
0.9445076644420624
0.9483034923672676
0.9481793329119682
0.9486559703946114
0.9442287340760231
0.9473747119307518
0.9465641364455223
0.9471495494246482
0.9475992754101753
0.9439753532409668
0.9450083792209625
0.948121789097786
0.9465399116277695
0.9471123725175857
0.9484756872057915
0.9448562771081924
0.9458595141768456
0.9475231781601906
0.9476692661643028
0.9427836462855339
0.9453049391508103
0.9445313408970832
0.9434854581952095
0.9389867424964905
run 4
model 0
0.920025172829628
0.9179792135953904
0.9293984144926071
0.9357010036706924
0.9424137800931931
0.9425172790884971
0.9401136860251427
0.9357277423143386
0.9331144735217094
0.9330451354384423
0.9377721458673477
0.9435785219073296
0.9387134298682213
0.9387474164366723
0.9363710314035416
0.9258487224578857
0.9385458260774613
model 1
0.9234824895858764
0.9341135591268539
0.9348621085286141
0.9413141682744026
0.9413052812218666
0.9383025646209717
0.9436652839183808
0.9447351783514023
0.9452295362949371
0.9452245250344277
0.9416823625564575
0.9451169088482857
0.9425276994705201
0.9476347684860229
0.9463761657476425
0.9454753264784813
0.9412475764751435
0.9449472442269325
0.9411099836230278
0.9435029745101928
0.9458990156650543
0.9462873205542565
0.9451038002967834
0.9435179054737091
0.9425686776638031
0.9464299604296684
0.9411062970757484
0.942086760699749
0.9408588856458664
0.941621957719326
0.9427508890628815
model 2
0.9089305683970451
0.9277821555733681
0.9284739151597023
0.9327105477452278
0.9399043053388596
0.9423774674534797
0.9432880878448486
0.9422425001859664
0.9439635455608368
0.9468210637569427
0.9469432234764099
0.946858637034893
0.9455501586198807
0.9456543043255806
0.9481335058808327
0.9500999704003334
0.9475742191076278
0.9510030329227448
0.9505323156714439
0.9469625025987625
0.948759625852108
0.9504331707954407
0.9487847685813904
0.9497592210769653
0.9499639481306076
0.9473961681127548
0.9495389938354493
0.9506814852356911
0.9475185230374337
0.9450581923127175
0.952135494351387
0.9514689967036247
0.941219562292099
0.9494162887334824
0.9467104420065879
0.9502624064683914
0.9506395146250725
0.9529262572526932
0.9503734961152077
0.9448323920369148
0.9497226431965828
0.949468582868576
0.9515894845128059
0.9506045997142791
0.9457348242402077
0.947007168829441
0.947609594464302
0.9482387632131577
model 3
0.8930531829595566
0.9090297162532807
0.9186782166361809
0.9196856662631034
0.9269208893179893
0.9262256920337677
0.9275267213582993
0.9280022263526917
0.939123897254467
0.9355154216289521
0.9351186558604241
0.9389974936842919
0.9409836873412132
0.9368828892707824
0.9424250483512878
0.9405695676803589
0.9413356512784958
0.9442533493041992
0.9428965449333191
0.9433739826083183
0.9427648320794105
0.9452578917145729
0.9434941947460175
0.9454000294208527
0.9433681026101113
0.9425044298171997
0.9442424952983857
0.9450009077787399
0.946773724257946
0.9421979069709778
0.9455248773097992
0.9415764585137367
0.9458122760057449
0.9453243732452392
0.9427028238773346
0.9450215488672257
0.9476218923926354
0.9472118109464646
0.9462346822023392
0.9479322865605354
0.9485986411571503
0.9502036392688751
0.9496324703097343
0.946105033159256
0.9461460441350937
0.9504787310957908
0.9490628361701965
0.9482969716191292
0.9493825539946557
0.9489328429102898
0.9481950357556344
0.9453603371977806
0.948437450826168
0.9502358198165893
0.9485309332609176
0.9502148851752281
0.9467819452285766
0.9449287503957748
0.9481882393360138
0.9462208941578865
0.9490242779254914
0.9445569768548012
0.9483793929219246
0.9468665406107902
0.9519815951585769
0.9454270780086518
0.9491257250308991
0.9477055937051773
0.9447517931461334
0.9465191453695297
run 5
model 0
0.9169476523995399
0.9234655410051346
0.9313623130321502
0.9374602094292641
0.9412851870059967
0.9427891865372657
0.9408519208431244
0.9395568981766701
0.9383719325065613
0.932746846973896
0.9399321407079697
0.9395796060562134
0.9359748750925064
0.9349044919013977
0.9366444274783134
0.9421086460351944
0.9382730543613433
0.9352063268423081
0.9356526508927345
0.9311876505613327
0.940130689740181
model 1
0.9204197570681572
0.9337017670273781
0.9388799995183945
0.9405087292194366
0.9358459517359734
0.9419171780347824
0.9446711048483849
0.9440593510866165
0.9425480112433433
0.9452881529927254
0.9450248003005981
0.9488278359174729
0.9449524357914925
0.9454666838049889
0.9425581753253937
0.9471497014164925
0.944953165948391
0.9438808009028434
0.9457929894328118
0.9380228191614151
0.9447218656539917
0.939228005707264
0.9464552342891693
0.9438362091779708
0.9372999161481858
0.944369575381279
0.9470830842852592
0.9458105310797691
model 2
0.9197021082043648
0.9303906917572021
0.9353316560387611
0.9385616019368171
0.9378950655460357
0.9400292217731476
0.9447195485234261
0.9452900975942612
0.947904871404171
0.9484563305974006
0.9469188302755356
0.9470744132995605
0.94853725284338
0.9492979153990746
0.9487198382616043
0.9487001344561576
0.9475054606795311
0.9504400596022606
0.9477338209748268
0.9484219655394555
0.9516834065318107
0.9497465312480926
0.9528011947870254
0.9493233919143677
0.9510286048054695
0.9471297279000283
0.9491976544260978
0.9503284588456153
0.9519004419445991
0.950907027721405
0.9504162594676018
0.9458149626851082
0.9464793980121613
0.9507535338401795
0.950502111017704
0.9483987405896187
0.9519031718373299
0.9451336354017258
0.9491400256752968
0.948397621512413
0.950617203116417
0.953056475520134
0.9509822487831116
0.9523993209004402
0.9506048426032067
0.9510315626859664
0.9520450860261918
0.9510590627789497
0.9510384112596512
0.9543424800038338
0.9491317197680473
0.9543632581830025
0.9512676924467087
0.9536256730556488
0.9497642755508423
0.9472492679953575
0.9537928804755211
0.9503929078578949
0.9555149778723717
0.9545354291796684
0.9511004611849785
0.9520560696721077
0.9539397239685059
0.9543417766690254
model 3
0.8749637544155121
0.910101868212223
0.9162208646535873
0.91959707736969
0.9245520263910294
0.9275347799062729
0.9321793228387832
0.9363766491413117
0.9354613572359085
0.9399272561073303
0.9403785258531571
0.9419199451804161
0.9414851352572441
0.9435433253645897
0.944829347729683
0.9449644058942794
0.9463905155658722
0.9470850974321365
0.9462914243340492
0.9468004941940308
0.9464051976799965
0.9480197355151176
0.947477288544178
0.9480486959218979
0.9449623197317123
0.9453526630997657
0.9472464188933373
0.9472383558750153
0.9490638881921768
0.9481586664915085
0.9491108193993568
0.9478960350155831
0.9484778881072998
0.9488757118582726
0.9475337147712708
0.9495115742087364
0.9486055985093117
0.947719331085682
0.9470597669482231
0.9475829109549523
0.9482694059610367
0.9459930688142777
0.9492924347519874
0.9478464543819427
0.9487685531377792
0.9497739225625992
0.9475166127085686
0.9495940700173378
0.9484540864825248
0.9466310948133468
0.9475550785660743
0.9451309233903885
0.9498002484440804
0.9490197241306305
0.9498342335224151
0.9492545649409294
0.9457814157009125
0.9470810145139694
0.9473701372742653
0.9461027786135674
0.948708564043045
0.9497348144650459
0.9454871729016304
0.9497850343585015
0.9491692930459976
0.9449278205633164
0.9489886507391929
0.947922083735466
0.9498201429843902
0.9508115589618683
0.9491355195641518
0.9492207080125808
0.9480085656046867
0.9496531143784523
0.9465832531452179
0.949393643438816
0.9480904519557953
0.9486102536320686
0.9488450437784195
0.9485215485095978
0.9513478264212608
0.9464727163314819
0.9491086319088936
0.9505306601524353
0.947476926445961
0.949563892185688
0.9507069960236549
0.9476858139038086
0.9509907394647599
0.9480462566018104
0.9514405205845833
0.9496800035238266
0.9505927547812462
0.9512682005763053
0.9495133191347123
0.9522729679942131
0.9505441412329674
0.9483742147684098
0.9449934229254723
0.9479293376207352
0.9514173895120621
0.9488412097096444
0.9502100005745888
0.9513321533799172
0.9517069920897484
0.9520747482776641
0.950246998667717
0.9516813218593597
0.949946728348732
0.9499932795763015
run 6
model 0
0.9236628919839859
0.9234150230884552
0.9294377565383911
0.9360254138708115
0.9286523088812828
0.9393635720014573
0.934252779185772
0.9360503673553466
0.9399983629584312
0.9393787831068039
0.9358569517731666
0.9319432482123375
0.944010192155838
0.9384868070483208
0.9344520077109337
0.9432483717799187
0.9379929170012474
0.9396935477852821
model 1
0.9203756794333458
0.9340814173221588
0.9368068724870682
0.9398835554718972
0.9428060919046402
0.9415595918893814
0.9419653326272964
0.9404901131987572
0.9445766270160675
0.9403174191713333
0.945669275522232
0.9437407940626145
0.943341639637947
0.9419521197676659
0.9466036587953568
0.9452941119670868
0.9428078576922416
0.9429398447275161
0.9454026177525521
0.9464913219213485
0.9428210273385048
0.9446954175829887
0.9456181257963181
0.941501472890377
0.9440970554947853
model 2
0.9053822427988052
0.9246929794549942
0.9328580528497696
0.9363843977451325
0.937580244243145
0.9423043131828308
0.9439646571874618
0.9468748137354851
0.9471406430006027
0.9492068126797676
0.9475635722279548
0.948815456032753
0.9486494705080986
0.9473133832216263
0.9501361280679703
0.9505621924996376
0.9511738419532776
0.9468177527189254
0.950485822558403
0.9479780495166779
0.9498489752411843
0.9462715163826942
0.9498010590672493
0.9496203482151031
0.9521623581647873
0.9527192264795303
0.9513930216431618
0.951067379117012
0.9498441159725189
0.9505311414599419
0.9495091930031776
0.9488550707697868
0.9516378462314605
0.9520348936319352
0.9504441007971763
0.9510444283485413
0.949753749370575
0.9529896289110183
0.9509941756725311
0.9516264915466308
0.947038671374321
0.9502238854765892
0.9500674530863762
0.9516345128417015
0.9491350904107094
0.9489484742283821
0.9527878940105439
0.9507992506027222
0.9527939334511757
0.9494192078709602
0.9478408426046372
0.9494167879223824
0.9494477435946465
0.9523553609848022
0.952881644666195
0.9489376991987228
0.9507504865527153
0.9489852711558342
0.9496417939662933
0.9508635848760605
model 3
0.8850119605660438
0.9091236308217049
0.9208813205361366
0.9278757914900779
0.9313089311122894
0.9339618816971779
0.9362568780779839
0.9386122226715088
0.9389798462390899
0.9407776564359664
0.9433204889297485
0.9424608126282692
0.9411926150321961
0.9428665906190872
0.9453444391489029
0.9454441368579865
0.9469299837946892
0.9451355367898941
0.9449673548340798
0.9464708238840103
0.9446719139814377
0.9473578244447708
0.9471445411443711
0.9445457324385643
0.9483725011348725
0.9490810811519623
0.9480169296264649
0.9462089091539383
0.9478452384471894
0.9468446373939514
0.9458400458097458
0.9446048706769943
0.9485160440206528
0.9472679600119591
0.9475075304508209
0.9474096953868866
0.9437602251768112
0.948961055278778
0.9496386528015137
0.9437857538461685
0.9459592357277871
0.9427545562386512
0.9470317468047142
0.9488543406128883
0.9478518307209015
0.9490636199712753
0.9475186571478844
0.9458820685744286
0.9499056667089463
0.9500717118382453
0.9472726315259934
0.9498799681663513
0.9470318555831909
0.9485539764165878
0.9431293427944183
0.947243282198906
0.9478388786315918
0.9458569630980491
0.9460215002298356
0.948280842602253
0.9466305434703827
0.9505503490567208
0.9498934477567673
0.9472168982028961
0.946594201028347
0.9478664457798004
0.9469750493764877
0.95078547000885
0.9497210130095481
0.9494417309761047
0.9496642723679543
0.9507037296891212
0.948338657617569
0.9500146359205246
0.9480967223644257
0.9486391976475715
0.9473248913884162
0.9492749094963073
0.948351365327835
0.949096928536892
0.9489446461200715
0.9438664838671684
0.950783084332943
0.9492371678352356
0.9480278715491295
0.9514047086238862
0.946952173113823
0.9508834213018418
0.9487654373049736
0.9495035082101821
0.9456252008676529
run 7
model 0
0.9213307797908783
0.9258434981107712
0.9370949134230614
0.9301777347922325
0.9415995955467225
0.9318725422024727
0.9454662367701531
0.9413129210472106
0.9367708340287209
0.9390834122896194
0.9406333863735199
0.9400168120861053
0.9430792286992074
0.9350657865405083
0.9363062337040902
0.9359608054161072
0.9305754780769349
0.9359778866171837
model 1
0.9154574126005173
0.9273213908076287
0.9367004007101059
0.938318495452404
0.9379427194595337
0.939607509970665
0.936114726960659
0.941649678349495
0.9363526597619056
0.943976828455925
0.9408689707517623
0.9434531182050705
0.944681391119957
0.9417028605937958
0.9456544190645217
0.9426760137081146
0.9448307573795318
0.9447398200631142
0.9419896930456162
0.9429371252655983
0.9454169332981109
0.9447495684027671
0.9458672121167183
0.9438150733709335
0.9412858277559281
0.9400827780365943
0.9426809847354889
0.9395829245448113
model 2
0.9036401882767677
0.9255661219358444
0.9311965227127075
0.9352328926324844
0.9349169865250587
0.9394755750894547
0.9436914592981338
0.9388777554035187
0.9398715898394585
0.9419764041900635
0.943721567094326
0.9434292763471603
0.9445597752928734
0.9479493603110314
0.9435833811759948
0.9444947838783264
0.9468477904796601
0.9486886724829674
0.9469558775424958
0.9487950831651688
0.9427650943398476
0.9464603751897812
0.9468959629535675
0.9444807648658753
0.9493436619639397
0.9473455756902694
0.94960747808218
0.9443832010030746
0.9427033334970474
0.9486109912395477
0.9477291077375412
0.9476777225732803
0.9481168806552887
0.9490467876195907
0.9451386123895645
0.9476103350520134
0.9491356551647187
0.9505940392613411
0.9507032543420791
0.9485891833901405
0.9491850063204765
0.9457547023892403
0.9466288208961486
0.9455293893814087
model 3
0.9055796235799789
0.9298714190721512
0.9396218836307526
0.9390080139040947
0.9425072431564331
0.9428982079029083
0.9416057586669921
0.9413166135549546
0.9437555745244026
0.9461912885308266
0.9439626708626747
0.946476137638092
0.947381104528904
0.9425493478775024
0.9443809926509857
0.9441339716315269
0.9474650397896767
0.9464934960007667
0.9442020028829574
0.9483215004205704
0.9410895317792892
0.9451755926012992
0.9448420837521553
0.9467062667012215
0.9477161154150963
0.9461375206708909
0.9460493326187134
0.9451460629701615
0.9459124490618706
0.9484665066003799
0.9475388497114181
0.9471100896596909
0.9423836976289749
0.9479264244437218
0.9493080139160156
0.9478880047798157
0.9427225321531296
0.9472333893179894
0.9480486661195755
0.9443462863564491
0.9476456880569458
0.9456040963530541
0.947640934586525
0.9459229364991188
0.9456668242812156
0.9465130791068077
0.9485237911343575
0.9442590683698654
0.9432739838957787
0.9470507726073265
0.949052694439888
0.9453544408082962
0.9498596549034118
0.9431395024061203
0.946046331524849
0.948716726899147
0.9489920571446419
0.9510051846504212
0.9473601207137108
0.9467372164130211
0.9465676084160805
0.948212993144989
0.9477042883634568
0.9495971754193306
0.9462279856204987
0.9499395236372947
0.9475044995546341
0.9473523899912835
0.9493579640984535
0.9464438647031784
0.9473125398159027
0.9452992826700211
0.945642800629139
0.9491609498858452
0.9494070827960968
0.9461422428488732
0.9460391461849212
0.9422792091965675
0.9477028772234917
0.9481727421283722
0.9466038525104523
0.9457591071724891
0.9490420624613762
0.9503403395414353
0.94576997756958
0.950363253057003
0.9466582328081131
0.9485188439488411
0.9495436549186707
0.9458213418722152
0.9498459860682488
run 8
model 0
0.9136999443173408
0.9306420236825943
0.9371451795101166
0.9301835238933563
0.9390261262655258
0.9398373231291771
0.9393435120582581
0.9351970285177231
0.9398976370692254
0.93711708933115
0.9456082731485367
0.9391053199768067
0.9356054648756981
0.9379472821950913
0.9388028815388679
0.9338028475642204
model 1
0.9207003518939019
0.9274855941534043
0.9349451318383217
0.9353712990880012
0.9392522126436234
0.9431442826986313
0.9429408341646195
0.9422764867544174
0.9447753474116325
0.9440005585551262
0.9405864000320434
0.941956315934658
0.9462346285581589
0.9407275095582008
0.9451896145939827
0.9442988514900208
0.947575306892395
0.9411329597234726
0.9449110686779022
0.9440720975399017
0.9433393746614456
0.9474594071507454
0.9454273268580436
0.9425852656364441
0.9469923436641693
0.9429245516657829
0.9418276563286782
0.9417759522795677
0.9444809556007385
0.9414323478937149
model 2
0.8954936966300011
0.9305260077118873
0.9311431974172593
0.9390017509460449
0.9432649403810501
0.9415202543139458
0.9461272239685059
0.9465201526880265
0.9441707640886307
0.9476467922329903
0.9431839466094971
0.9455326497554779
0.945343765616417
0.9474624648690224
0.950328242778778
0.9492615818977356
0.9479676753282547
0.9454321071505547
0.9512982204556465
0.9478688403964043
0.9473449900746346
0.9482987597584724
0.9492817938327789
0.9490301445126533
0.9521015718579292
0.9469091698527337
0.9522797480225563
0.947836534678936
0.9450305044651032
0.9519301265478134
0.9490780666470527
0.9521433100104332
0.9522420719265938
0.951794721186161
0.9460667848587037
0.9499726355075836
0.9498001262545586
0.9498024597764015
0.9502066880464554
0.9525736570358276
0.9549847587943077
0.9533255383372307
0.9501428753137589
0.9490366667509079
0.950011582672596
0.9520226910710334
model 3
0.862120446562767
0.8972616463899612
0.9176600143313408
0.9249733656644821
0.9298462927341461
0.9352834805846214
0.9352424561977386
0.9374904498457909
0.93814307898283
0.9415390253067016
0.9404271975159645
0.9403753250837326
0.9416009098291397
0.9432763740420341
0.9441631078720093
0.9439507395029068
0.9414732366800308
0.9449043482542038
0.9434829846024513
0.9405399054288864
0.9448505759239196
0.9447910904884338
0.946674071252346
0.945903804898262
0.9440252885222435
0.9471201211214065
0.9431163892149925
0.9450983658432961
0.9435019239783287
0.9458686530590057
0.9481822416186333
0.9492256045341492
0.9488921225070953
0.9482162103056908
0.947163137793541
0.948153342306614
0.9466042354702949
0.9487777799367905
0.9470889449119568
0.9461013123393058
0.9419644013047218
0.9445838734507561
0.9483080014586449
0.9491541758179665
0.9481895700097084
0.9468373224139214
0.9482628673315048
0.9464883342385292
0.9450022757053376
0.9472479343414306
0.9454098120331764
0.9487576872110367
0.9491453409194947
0.9479129552841187
0.9489235073328018
0.9489074394106864
0.9472193777561188
0.9487963318824768
0.9484843865036965
0.9481514513492584
0.9449085682630539
0.9503199830651283
0.9508929431438446
0.9475274845957756
0.9480592206120491
0.9492332562804222
0.9516982853412628
0.9494641944766045
0.9499720677733421
0.9487138882279396
0.9497075334191323
0.9501891151070595
0.9508612349629402
0.9517644792795181
0.9518554493784904
0.950384470820427
0.9494069188833236
0.9489257767796516
0.9494347125291824
0.947896821796894
run 9
model 0
0.9139246225357056
0.9292376264929771
0.9317328825592994
0.9359174251556397
0.938785482943058
0.9362824141979218
0.936481024324894
0.9356191202998161
0.9401537388563156
0.9446952134370804
0.9378431916236878
0.9405999794602394
0.939904622733593
0.9312808811664581
0.937750019133091
model 1
0.9119125530123711
0.9295111045241355
0.932196544110775
0.9374201267957687
0.9390830785036087
0.9404797852039337
0.9411374375224113
0.9433478847146034
0.9362819284200669
0.942030456662178
0.9414800554513931
0.9451435789465904
0.9457226425409317
0.9475126102566719
0.9476866260170936
0.9476755693554878
0.9438519552350044
0.945116576552391
0.9431177094578743
0.9456320956349373
0.9440544381737709
0.9483868524432182
0.9476280629634857
0.9440372720360756
0.9446149587631225
0.9445627793669701
0.9478491112589836
0.9466657102108001
0.9473477810621261
0.9448874443769455
0.9469932615756989
0.9436384797096252
model 2
0.9171859234571457
0.932852828502655
0.9416006550192833
0.9425366401672364
0.9454289838671684
0.9459336802363396
0.9465935170650482
0.9446230337023735
0.9484961852431297
0.946170973777771
0.9510983541607857
0.9490906044840812
0.9464318588376045
0.9468230158090591
0.9469443529844284
0.9440739661455154
0.9493675202131271
0.9477523431181908
0.9500783681869507
0.9503648057579994
0.9487599208950996
0.9513723596930503
0.9480302095413208
0.9514117583632469
0.9464558660984039
0.9503787443041801
0.9477004125714302
0.9533688694238662
0.9486215993762016
0.9495660632848739
0.9461679801344871
0.9532403469085693
0.952515022456646
0.9491342574357986
0.9521913722157478
0.9486169531941414
0.9526105016469956
0.9532694488763809
0.9519254356622696
0.9505411967635155
0.946017149090767
0.9538589313626289
0.9534282609820366
0.9534581452608109
0.9528917089104653
0.9527590245008468
0.9541863992810249
0.9517175048589707
0.9516151025891304
0.9541603773832321
0.9523110389709473
0.9494559437036514
0.950295515358448
0.9525241270661354
0.9505940735340118
model 3
0.828612956404686
0.8717062965035438
0.899736325442791
0.9066693559288979
0.9182580083608627
0.9246658354997634
0.9337172150611878
0.938051238656044
0.9396892815828324
0.9407303363084794
0.9423377230763436
0.9405718132853508
0.9422743901610374
0.9442483559250832
0.9427229568362236
0.9472134009003639
0.9466680288314819
0.9491540133953095
0.9456679418683052
0.9483749464154243
0.9471250295639038
0.9463599771261215
0.9472322419285775
0.9464873701334
0.9446618050336838
0.9501053616404533
0.9498560637235641
0.9463550224900246
0.9482553347945213
0.9463328629732132
0.9521299451589584
0.946739137172699
0.9492185890674592
0.9495793744921684
0.9507358208298683
0.9509189277887344
0.9519560158252716
0.9523757889866828
0.9509604454040528
0.950903007388115
0.9511875137686729
0.9505714431405068
0.9491601288318634
0.9531679973006248
0.9513862207531929
0.9525111958384513
0.9512160882353783
0.9510953918099403
0.9495616763830185
0.9520309075713158
0.9463370278477669
0.9499780625104904
0.9503806248307228
0.95340845733881
0.9535090014338493
0.9531873181462288
0.9505660489201546
0.9503990620374679
0.953755934536457
0.9497549146413803
0.9520255729556084
0.9520073071122169
0.9513035595417023
0.9518247112631798
0.9516126766800881
0.9514085650444031
0.9537837609648705
0.9514661446213722
0.9512606203556061
0.9495440483093261
0.9511023432016372
0.9503236040472984
0.952764269709587
0.9507295310497283
0.9526434183120728
0.9501414850354195
0.9525831386446952
0.9517702221870422
0.9529215961694717
0.9532785445451737
0.9546092256903649
0.9535019010305404
0.9524805888533592
0.9521024584770202
0.9538544625043869
0.9533128783106803
0.947869972884655
0.9515920221805573
0.9515678733587265
0.9509257674217224
0.9544438868761063
0.9543204337358475
0.9532445788383483
0.9503951698541642
0.9528769597411155
0.9523947149515152
0.954273946583271
0.9546658650040627
0.9527315139770508
0.9530854120850563
0.9527209624648094
0.9540217459201813
0.9527445301413536
