model 0
0.7456915855407715
0.8276849031448364
0.8523107528686523
0.8662134885787964
0.8801754951477051
0.891517186164856
0.8993662118911743
0.9059860229492187
0.9104416608810425
0.9145128488540649
0.9190174102783203
0.9215545892715454
0.9234570503234864
0.9262920141220092
0.9288038492202759
0.9295359373092651
0.9320714950561524
0.9345648050308227
0.9342493057250977
0.9357371091842651
0.9365889310836792
0.9366687059402465
0.936346960067749
0.9363356590270996
0.937834095954895
0.9369978189468384
0.9389967918395996
0.9385019779205322
0.9374705076217651
0.9367118835449219
0.9354066371917724
0.9372000455856323
0.9382212162017822
0.9367867708206177
0.9395487546920777
0.9397013187408447
0.9406191349029541
0.9395197629928589
0.9416381120681763
0.9404212951660156
0.9422726631164551
0.9410829782485962
0.941913366317749
0.9412692070007325
0.9415326595306397
0.940510368347168
0.9409834384918213
0.9411759376525879
0.9405853748321533
0.9401988983154297
0.9404620885848999
0.9399545192718506
0.9403571844100952
0.9399357080459595
0.9408427953720093
0.9380222082138061
0.9403459787368774
0.9397630453109741
0.9414968013763427
0.9407293319702148
0.9410433530807495
0.9405791759490967
0.9411482334136962
0.9409520149230957
0.9408373355865478
0.9411833047866821
0.9403237342834473
0.940548324584961
0.9398717403411865
0.9401211977005005
0.9390777587890625
0.9399575233459473
0.9398020744323731
0.9399834156036377
0.9394876956939697
0.9397136688232421
0.9393220663070678
0.939844012260437
0.9403918743133545
0.9397802591323853
0.9405967712402343
0.9396982908248901
0.9402574062347412
0.9399326324462891
0.9399516820907593
0.9408313751220703
0.9404011487960815
0.9407633543014526
0.9399851083755493
0.9402714490890502
0.9402885675430298
0.9400353193283081
0.9407000780105591
0.9406033992767334
0.9402308464050293
0.9403510570526123
0.9405795335769653
0.9402710199356079
0.940309739112854
0.9408481597900391
0.9402164220809937
0.9402775287628173
0.9401558876037598
0.9406905889511108
0.9400176763534546
0.9405878782272339
0.9401913404464721
0.9404210567474365
0.940216326713562
0.9408717393875122
0.9404548645019531
0.9398594856262207
0.9403995990753173
0.9398303031921387
0.9402561664581299
0.9400413990020752
0.9401854991912841
0.9400486946105957
0.9399364709854126
0.9398394346237182
0.9392482995986938
0.9395798921585083
0.939183259010315
0.9406533241271973
0.9399839162826538
0.9402231693267822
0.9394599676132203
0.9400916814804077
0.9399973154067993
0.9396416187286377
0.9396583318710328
0.9391572713851929
0.939824891090393
0.9390274524688721
0.9391994714736939
0.9393126010894776
0.9383705139160157
0.9391551971435547
0.9380306243896485
0.9400005578994751
0.9389283657073975
0.9388354063034058
0.9384618043899536
0.9379565238952636
0.9391834020614624
0.9382108211517334
0.9402430534362793
0.938922119140625
0.938637375831604
0.9388360500335693
0.9389808416366577
0.9382298469543457
0.9385629177093506
0.9388640403747559
0.9391191482543946
0.9388235092163086
0.9383036136627197
0.9388386011123657
0.938871431350708
0.9386787176132202
0.9382936239242554
0.9386349678039551
0.9382986545562744
0.938192343711853
0.9378285646438599
0.9379335880279541
0.9378241300582886
0.9379839897155762
0.9372472524642944
0.937932014465332
0.9386160612106323
0.9384865522384643
0.9384382724761963
0.9387463092803955
0.9378356695175171
0.9386964082717896
0.9385812282562256
0.9379961490631104
0.9385783433914184
0.9379084825515747
0.9386074066162109
0.9385577440261841
0.9382634401321411
0.9386357069015503
0.9375874996185303
0.9379576444625854
0.9378544807434082
0.937833023071289
0.9374723196029663
0.9378319978713989
0.937733268737793
0.9378943920135498
0.9373645067214966
0.9368196487426758
0.9378903150558472
0.9371109008789062
0.9380712270736694
0.9369757890701294
0.9374552488327026
0.9378040552139282
0.9375165939331055
0.936629343032837
0.9372687816619873
0.9374237298965454
0.9382493734359741
0.9373603820800781
0.9381551027297974
0.9366944551467895
0.9381402730941772
0.9373245239257812
0.9377415180206299
0.9377039909362793
0.9372260332107544
0.9370368242263794
0.9374286890029907
0.9374094009399414
0.9372029781341553
0.9367877006530761
0.9368081569671631
0.9365475654602051
0.9363021135330201
0.9367851972579956
0.9360899925231934
0.9368318080902099
0.9361178874969482
0.9366219758987426
0.9364385366439819
0.9364318609237671
0.9360245704650879
0.9362727165222168
0.9360467433929444
0.9363093376159668
0.9363662719726562
0.9361709833145142
0.9359248399734497
0.9363827705383301
0.9359126567840577
0.9366490125656128
0.9361720323562622
0.935984206199646
0.9359303951263428
0.9365288734436035
0.9356266021728515
0.9362594366073609
0.9356786489486695
0.9356014728546143
0.9356689214706421
0.9362140893936157
0.9365701913833618
0.9355463266372681
0.9361131191253662
0.9355570554733277
0.9359205961227417
0.9359700679779053
0.9361058950424195
0.9358188390731812
0.9356612443923951
0.935919713973999
0.9356367588043213
0.9359937906265259
0.9353677272796631
0.9359034538269043
0.935335922241211
0.9357105493545532
0.934998893737793
0.9357715368270874
0.9354312419891357
0.9353551864624023
0.9353457689285278
0.9357650279998779
0.9349088430404663
0.9363625288009644
0.935199522972107
0.9358748197555542
0.9357755422592163
0.9354838609695435
0.935595965385437
0.9356325626373291
0.9359126567840577
0.9352704048156738
0.936052680015564
0.9348277091979981
0.9356021165847779
0.9356922626495361
0.9361780643463135
0.9355423212051391
0.935649061203003
0.9356085538864136
0.9355425834655762
0.9356258153915405
0.9356302738189697
0.9355043649673462
0.9359278917312622
0.9350652694702148
0.9357685804367065
0.9357901811599731
0.9352674961090088
0.9356008052825928
0.9353303432464599
0.9355691909790039
0.9351760149002075
0.9355374574661255
0.9350740909576416
0.9355616092681884
0.9351431846618652
0.9357773780822753
0.9357109308242798
0.9355711698532104
0.9353549242019653
0.9354638814926147
0.935428261756897
0.9350323438644409
0.9356024026870727
0.9354921340942383
0.9350338459014893
0.935742712020874
0.935854697227478
0.9354933977127076
0.9358921766281127
0.9356487035751343
0.9353905916213989
0.9360323905944824
0.9355711221694947
0.9362825155258179
0.9357444047927856
0.9358442306518555
0.9357057094573975
0.9363946199417115
0.9352433681488037
0.9356929063796997
0.9354702949523925
0.9355312347412109
0.9353506088256835
model 1
0.29973389506340026
0.4907522678375244
0.6448647856712342
0.7518338561058044
0.8137639284133911
0.8447715997695923
0.862291955947876
0.8731278419494629
0.8818369626998901
0.8896472215652466
0.8967372894287109
0.9040143966674805
0.9096252918243408
0.918061089515686
0.9203248023986816
0.9241611957550049
0.9293912649154663
0.9312300443649292
0.9319510221481323
0.9326270818710327
0.9324922084808349
0.9335360288619995
0.9356744766235352
0.936551570892334
0.9357340335845947
0.936490821838379
0.9380779981613159
0.9390078544616699
0.9388163328170777
0.9395420551300049
0.9396043300628663
0.9412501335144043
0.9397097826004028
0.9411038160324097
0.9420701265335083
0.9413850545883179
0.9415774583816529
0.9409488677978516
0.9416145563125611
0.9422636508941651
0.9417993783950805
0.9407443523406982
0.9414226531982421
0.9426329851150512
0.9430115222930908
0.9433779716491699
0.9424803972244262
0.9420990467071533
0.9433665752410889
0.9427205562591553
0.9428889036178589
0.9418730020523072
0.942705512046814
0.9413156747817993
0.9426721811294556
0.9423630475997925
0.9426239252090454
0.9416637420654297
0.9419400691986084
0.9419334173202515
0.9422547340393066
0.9417566776275634
0.9425315618515014
0.9418488264083862
0.9426456689834595
0.9420039176940918
0.941728162765503
0.9412652969360351
0.9417791128158569
0.9409962177276612
0.9414918899536133
0.9417369365692139
0.9417200803756713
0.9413503885269165
0.9419363975524903
0.9415135383605957
0.9416183233261108
0.9422062397003174
0.9414377212524414
0.9415191173553467
0.9410483121871949
0.9409408569335938
0.941617226600647
0.9412993669509888
0.9410100460052491
0.9417213916778564
0.9410018205642701
0.9407902956008911
0.9408684492111206
0.9406620264053345
0.94098961353302
0.94048912525177
0.9403077125549316
0.940422511100769
0.9404981136322021
0.9405707359313965
0.940557336807251
0.9405561208724975
0.9403579473495484
0.9406045913696289
0.9406047105789185
0.9404167413711548
0.9408715963363647
0.9405256032943725
0.9413412094116211
0.9406857490539551
0.9406757831573487
0.940665602684021
0.9408619642257691
0.9408453226089477
0.9410418033599853
0.9408735036849976
0.9407499313354493
0.9403399705886841
0.9413402795791626
0.9408318519592285
0.941185450553894
0.9409774303436279
0.9411149501800538
0.9409146070480346
0.9410875082015991
0.9404725074768067
0.9410398483276368
0.9407769680023194
0.9409144401550293
0.9406238555908203
0.9407225370407104
0.9403408288955688
0.9404929161071778
0.9402426958084107
0.9406668186187744
0.9405650854110718
0.9401958465576172
0.9399715900421143
0.9406027793884277
0.9400822639465332
0.9406521558761597
0.9401969194412232
0.9401177406311035
0.9405269145965576
0.9397170782089234
0.9406075000762939
0.940428900718689
0.9404463768005371
0.9400298595428467
0.9404928684234619
0.9405850648880005
0.939963698387146
0.9403174161911011
0.9399546384811401
0.9402282476425171
0.9399760007858277
0.9398119926452637
0.9397940397262573
0.9400095224380494
0.9396648645401001
0.9393873453140259
0.9394724607467652
0.9394684076309204
0.938954758644104
0.9395991563796997
0.939265251159668
0.9390639305114746
0.9391510248184204
0.9394143581390381
0.9388139486312866
0.9386281490325927
0.9391487121582032
0.939290189743042
0.938792061805725
0.9391726732254029
0.9392330646514893
0.9387702226638794
0.9391544580459594
0.9389860391616821
0.9391745328903198
0.9394098997116089
0.9388880252838134
0.9385382413864136
0.9388257741928101
0.9384820222854614
0.9388772487640381
0.9386545181274414
0.9392060995101928
0.9387094020843506
0.9390022277832031
0.938710069656372
0.9383321046829224
0.9385621786117554
0.9386594533920288
0.9388462781906128
0.9388905763626099
0.9387102842330932
0.9388805866241455
0.9387573003768921
0.9387178897857666
0.9389529228210449
0.9383214473724365
0.9388879060745239
0.9391556978225708
0.9385032653808594
0.9387646913528442
0.9389277219772338
0.9386519670486451
0.9386097669601441
0.9381441831588745
0.938681173324585
0.9384279012680053
0.9386239290237427
0.9381759643554688
0.9380775213241577
0.9382197141647339
0.9383624792098999
0.9382054328918457
0.9386582136154175
0.9382998466491699
0.9380366563796997
0.9388996601104737
0.9381774663925171
0.9382900953292846
0.9382834196090698
0.9383688688278198
0.938283109664917
0.9381613731384277
0.9387077808380127
0.9387093782424927
0.9384061813354492
0.938746452331543
0.9385409355163574
0.9385322332382202
0.9386205434799194
0.9387104511260986
0.9388729095458984
0.9387059450149536
0.9382319688796997
0.9385751485824585
0.9389222621917724
0.9385311603546143
0.9385561227798462
0.9387378931045532
0.9388916492462158
0.9386758089065552
0.9386666536331176
0.9390595436096192
0.9389057159423828
0.9390061855316162
0.9382954835891724
0.9389587640762329
0.9386011362075806
0.9385460376739502
0.9380305767059326
0.9383131504058838
0.9385678052902222
0.938283634185791
0.9381440162658692
0.9385857105255127
0.9384466171264648
0.9384403705596924
0.9385987520217896
0.9384429931640625
0.938138484954834
0.938804316520691
0.9382404327392578
0.9386837482452393
0.9384489536285401
0.9382242202758789
0.9390141248703003
0.9384577512741089
0.9387366056442261
0.9384139060974122
0.9384204864501953
0.938367509841919
0.9386035919189453
0.9380393505096436
0.9386253118515014
0.9382077693939209
0.938722825050354
0.938514256477356
0.9384351253509522
0.9385213851928711
0.938122010231018
0.9388731956481934
0.9382962942123413
0.9386277198791504
0.9383636236190795
0.9382277011871338
0.9386613845825196
0.9384881019592285
0.9388056755065918
0.9379865407943726
0.9387454748153686
0.9379042387008667
0.9385703802108765
0.9377776622772217
0.938407039642334
0.93825204372406
0.9384095430374145
0.9379126787185669
0.9383890628814697
0.9381136655807495
0.9378743171691895
0.938399362564087
0.938844633102417
0.9383619785308838
0.9386767387390137
0.9380917310714721
0.9386260509490967
0.9383270025253296
0.9384928226470948
0.937888240814209
0.9383804321289062
0.9379934787750244
0.9383817911148071
0.938139796257019
0.9385463953018188
0.9383719682693481
0.9383122205734253
0.938395881652832
0.9385115623474121
0.9384314537048339
0.9386400938034057
0.9385689973831177
0.9386597156524659
0.938747763633728
0.9384798288345337
0.9388481140136719
0.9384263277053833
0.938765549659729
0.9386722803115845
0.9386892080307007
0.9381685018539428
0.9387077331542969
0.9386447906494141
0.9386997222900391
0.9388225555419922
0.9384623527526855
0.9385419130325318
0.9389249801635742
0.9384441137313843
0.9387432336807251
0.9387726068496705
0.9385938882827759
0.938461446762085
0.9387418746948242
0.9392228364944458
0.9388871431350708
0.9387701988220215
0.9390755414962768
0.9388069152832031
0.9391567945480347
0.9386452674865723
0.9394485235214234
0.9390047073364258
0.9389757633209228
0.938701844215393
0.938947343826294
0.938321304321289
model 2
0.2923077404499054
0.3503751277923584
0.43639562129974363
0.5379187822341919
0.629707145690918
0.7119868040084839
0.7765584588050842
0.8189473628997803
0.8472481966018677
0.8666679859161377
0.8785305261611939
0.8875314712524414
0.8961885690689086
0.9022088289260864
0.9057295322418213
0.9086050748825073
0.9125815153121948
0.9171666622161865
0.9188011646270752
0.9204424858093262
0.9212847471237182
0.9226002216339111
0.9257283687591553
0.9262625932693481
0.927866005897522
0.9276226758956909
0.9294220924377441
0.9297344446182251
0.9310007572174073
0.9316669702529907
0.9315357208251953
0.9322555780410766
0.9325368642807007
0.9338915586471558
0.9334583282470703
0.9325468301773071
0.9331252336502075
0.9340687274932862
0.9338139295578003
0.9333285331726074
0.9348200559616089
0.9346004962921143
0.9354886531829834
0.9347724199295044
0.9350065946578979
0.935200548171997
0.9346351861953736
0.9359769821166992
0.9352628707885742
0.9357049226760864
0.9350122213363647
0.9356180191040039
0.9355390310287476
0.9357832670211792
0.9362097263336182
0.9366455078125
0.9367927074432373
0.9357660293579102
0.9357719421386719
0.9358768939971924
0.9363721370697021
0.9374768972396851
0.9363097190856934
0.9362534046173095
0.9339907884597778
0.9360366344451905
0.9360949754714966
0.9370837926864624
0.9362582921981811
0.936120080947876
0.9357458353042603
0.9368267059326172
0.9370855569839478
0.9369202136993409
0.9369065999984741
0.9368245124816894
0.9363819360733032
0.9366215705871582
0.9361883401870728
0.9368245840072632
0.9364174842834473
0.9367052555084229
0.9366482973098755
0.9369489192962647
0.9361794471740723
0.9363380670547485
0.9362660408020019
0.9362848043441773
0.9359537124633789
0.9362496852874755
0.9357234239578247
0.9364224910736084
0.9358872652053833
0.9367850303649903
0.9358096122741699
0.9364384174346924
0.9362889528274536
0.93617103099823
0.9357554197311402
0.9361778497695923
0.9357348680496216
0.9358151197433472
0.9355026006698608
0.936121916770935
0.9355223417282105
0.9356503963470459
0.9367588996887207
0.9352656126022338
0.9361326456069946
0.9357214450836182
0.9359464645385742
0.93521568775177
0.935559344291687
0.9354867219924927
0.9358171701431275
0.9350086450576782
0.9358916044235229
0.9351338624954224
0.9357316493988037
0.9351289987564086
0.9355568647384643
0.9349638938903808
0.9361907005310058
0.9350789785385132
0.9361072540283203
0.9351375102996826
0.9363103628158569
0.9349514007568359
0.9355440855026245
0.9351505517959595
0.9360839605331421
0.9353184223175048
0.9354904651641845
0.9351483583450317
0.9353643655776978
0.9355641603469849
0.9355105638504029
0.9356940746307373
0.9356436967849732
0.9353343486785889
0.935058856010437
0.9352741479873657
0.9359723567962647
0.935365104675293
0.9356499433517456
0.9361647129058838
0.9350701570510864
0.9348722934722901
0.935427474975586
0.9344768524169922
0.9354641675949097
0.9344304800033569
0.935709023475647
0.9351349830627441
0.9355489015579224
0.9350501298904419
0.935407018661499
0.9349450588226318
0.9353914737701416
0.9352778196334839
0.9350617885589599
0.9355517625808716
0.934807300567627
0.935873556137085
0.935295581817627
0.9355326652526855
0.935201621055603
0.9357072114944458
0.9345718860626221
0.9349239826202392
0.9349735021591187
0.9346137046813965
0.9347423076629638
0.9348128318786622
0.9342410564422607
0.9340182781219483
0.9342902183532715
0.9346386671066285
0.9341970205307006
0.9351619482040405
0.9344429969787598
0.9347105503082276
0.9342854499816895
0.9351245164871216
0.9351682424545288
0.9342097520828248
0.9345533847808838
0.9346442699432373
0.9338442325592041
0.9350527048110961
0.9341277360916138
0.9342139959335327
0.9347915172576904
0.9349282741546631
0.9345022678375244
0.9341730356216431
0.9347645521163941
0.9342121362686158
0.9347104549407959
0.9348695278167725
0.9336889266967774
0.9352798938751221
0.9345977306365967
0.9354049682617187
0.9343844652175903
0.9352831363677978
0.9344335556030273
0.9349469423294068
0.9345222473144531
0.9351221799850464
0.9339625358581543
0.9349570274353027
0.9347491025924682
0.934099555015564
0.93417809009552
0.9352308988571167
0.934155011177063
0.9350611686706543
0.9345198154449463
0.9348861694335937
0.9343583583831787
0.9350362062454224
0.9344851255416871
0.9347775459289551
0.9343036890029908
0.9348020315170288
0.9347931623458863
0.9349525690078735
0.933928394317627
0.9347958087921142
0.93476881980896
0.9347202777862549
0.9349630832672119
0.9342275381088256
0.9348206996917725
0.934881615638733
0.9344642162322998
0.9346180438995362
0.9344127893447876
0.9348326206207276
0.934724235534668
0.9344817876815796
0.9345940351486206
0.9344829559326172
0.9345369100570678
0.9347744941711426
0.9344101190567017
0.9343236207962036
0.9345865488052368
0.9346985340118408
0.9341147899627685
0.9345390319824218
0.9343750715255738
0.9348238945007324
0.934855604171753
0.9344834089279175
0.9346738576889038
0.9348426103591919
0.9349230527877808
0.934384536743164
0.9347660541534424
0.93468337059021
0.9345521211624146
0.9348203659057617
0.9346324682235718
0.9348151206970214
0.9345269441604614
0.9344400644302369
0.9345951557159424
0.9345204591751098
0.9346120834350586
0.9349231243133544
0.9343508243560791
0.9349107265472412
0.934423303604126
0.9344282150268555
0.9338635921478271
0.9346797466278076
0.934420394897461
0.9343855142593384
0.934293794631958
0.9346733570098877
0.9343854665756226
0.93456552028656
0.9345986127853394
0.9346138000488281
0.9346564531326294
0.9346623420715332
0.9343713760375977
0.9346081256866455
0.9348737001419067
0.9348242521286011
0.9348481178283692
0.934658145904541
0.9349267244338989
0.9348060369491578
0.9347686052322388
0.9343796491622924
0.9349654197692872
0.9345583915710449
0.9346361875534057
0.934693431854248
0.9345142841339111
0.9346604347229004
0.9343548536300659
0.9349283933639526
0.9344116926193238
0.9348665952682496
0.9345444679260254
0.9346577405929566
0.9342984199523926
0.9348334789276123
0.9346077919006348
0.9344041585922241
0.9341289281845093
0.9345132827758789
0.9342017412185669
0.9343489885330201
0.9344134569168091
0.934913444519043
0.9340243577957154
0.9343461036682129
0.9342072963714599
0.9346435308456421
0.9340579271316528
0.9346984624862671
0.9343343496322631
0.9341828107833863
0.9347156763076783
0.9339880466461181
0.9345784664154053
0.9340483903884887
0.9351145505905152
0.9343022346496582
0.9345603942871094
0.9341010808944702
0.9344521760940552
0.9338881254196167
0.9341421365737915
0.9338776588439941
0.9342207670211792
0.9343042373657227
0.934241533279419
0.9341780185699463
0.9342450380325318
0.9340362787246704
0.9345298767089844
0.9343396663665772
0.9342034816741943
0.9342201948165894
0.9343738794326782
0.9341429471969604
0.9343144178390503
0.9341970920562744
0.9344661951065063
0.933996033668518
0.9343162059783936
0.9340508460998536
0.9342037677764893
0.93431077003479
0.9341545343399048
0.9341120719909668
0.9341859817504883
0.9340920925140381
0.9338119268417359
0.9340387344360351
0.934074592590332
0.9339111328125
0.9339333057403565
0.9339687585830688
0.9340558052062988
0.9342357158660889
0.9341648817062378
0.9341098546981812
0.9342690706253052
0.9339699745178223
0.9343024492263794
0.9339478492736817
0.9342499732971191
0.9338204860687256
0.9343702077865601
0.9337996244430542
0.9342262744903564
0.9339646816253662
0.9341762065887451
0.9340577363967896
0.9341681480407715
0.9340611219406127
0.9341562986373901
0.9342721462249756
0.9338781833648682
0.9345114231109619
0.9342865228652955
0.9337176322937012
0.9342579364776611
0.9340699195861817
0.9341617107391358
0.9339356184005737
0.9342097282409668
0.9339299678802491
0.9344080686569214
0.9340108871459961
0.933956503868103
0.933896541595459
0.9339425325393677
0.9340143203735352
0.9342174053192138
0.9342216968536377
0.9340677499771118
0.9339488267898559
0.9342653036117554
0.9342040538787841
0.9341196298599244
0.9344325065612793
0.9339800834655761
0.9340660095214843
0.934428596496582
0.9340421438217164
0.934087872505188
0.9340093851089477
0.9341033935546875
0.9340595245361328
model 3
0.46696876287460326
0.6126575231552124
0.7132383465766907
0.7765549898147583
0.8096031904220581
0.8284724950790405
0.8413612842559814
0.8506333351135253
0.8580826997756958
0.8657675981521606
0.8722222566604614
0.8783491849899292
0.8830938816070557
0.8876618623733521
0.8933458089828491
0.8986306428909302
0.901819396018982
0.9057005643844604
0.9075473070144653
0.913323187828064
0.9162432193756104
0.9172840118408203
0.9180454969406128
0.923383378982544
0.9243801832199097
0.9262836694717407
0.9278882265090942
0.9298706769943237
0.9283406972885132
0.9312319278717041
0.9318197250366211
0.9310638189315796
0.9322158575057984
0.9321764469146728
0.9330167770385742
0.9341407060623169
0.9327356815338135
0.9323995590209961
0.9335219860076904
0.9363835096359253
0.937605333328247
0.9366633653640747
0.935694408416748
0.9357941389083863
0.936471676826477
0.9380478382110595
0.9388113498687745
0.9390190839767456
0.9367761373519897
0.9381137609481811
0.9385462045669556
0.9387413263320923
0.9386113166809082
0.9398512601852417
0.9395143508911132
0.9392352819442749
0.9387350797653198
0.9400372743606568
0.9400984525680542
0.940311336517334
0.9399926900863648
0.9405342817306519
0.9407525539398194
0.9404926776885987
0.9402788400650024
0.9408721923828125
0.9405492305755615
0.9403318643569947
0.9403597593307496
0.9404775857925415
0.9405202388763427
0.9416915655136109
0.9408295631408692
0.9408677101135254
0.9407029628753663
0.9409428834915161
0.9408721208572388
0.9406102418899536
0.9404028654098511
0.9412395715713501
0.941133975982666
0.9406098365783692
0.9406307697296142
0.9410852670669556
0.9406527996063232
0.9409865856170654
0.9407012224197387
0.9411164045333862
0.9400329351425171
0.9400278568267822
0.9398908615112305
0.9404148578643798
0.9405759572982788
0.9404073238372803
0.9403559923171997
0.9404092788696289
0.9405774593353271
0.9402228116989135
0.9405687093734741
0.9400146484375
0.9392691373825073
0.940787959098816
0.9394806861877442
0.9401415586471558
0.9409502506256103
0.9411547183990479
0.9404911518096923
0.9404086351394654
0.9404221057891846
0.9405594587326049
0.9404090166091919
0.940311598777771
0.9406214237213135
0.9405131578445435
0.940174674987793
0.9403923273086547
0.9403682947158813
0.9399721384048462
0.9409255743026733
0.9405547857284546
0.9402615070343018
0.9400078773498535
0.9404981851577758
0.9405505657196045
0.9406064271926879
0.9402153730392456
0.9397866725921631
0.9399069547653198
0.9402012586593628
0.940008568763733
0.940101170539856
0.9400304079055786
0.9399758338928222
0.9411685228347778
0.9408777713775635
0.9406014680862427
0.9421919107437133
0.9426580429077148
0.9422392606735229
0.9415226221084595
0.9412744522094727
0.9413472890853882
0.9418866634368896
0.9408916234970093
0.9417526245117187
0.9411041498184204
0.9417520761489868
0.9408565759658813
0.9409956216812134
0.9408101320266724
0.9408271312713623
0.9408524513244629
0.9409411907196045
0.940454649925232
0.9406075716018677
0.9401290893554688
0.9404061079025269
0.9407227039337158
0.9406670570373535
0.9398841619491577
0.9405393838882447
0.9408464193344116
0.9415189981460571
0.9415481090545654
0.9413170099258423
0.9407031297683716
0.9412729024887085
0.9407594442367554
0.9406973361968994
0.9407090663909912
0.9408128261566162
0.9402146577835083
0.9406880140304565
0.9406464099884033
0.9406538486480713
0.9405166149139405
0.9402560234069824
0.9403095245361328
0.9404987573623658
0.940396499633789
0.9405517816543579
0.9406601190567017
0.9404992818832397
0.9405542612075806
0.9406357049942017
0.9403020143508911
0.9407355070114136
0.940069580078125
0.940191102027893
0.9401862144470214
0.94079749584198
0.939875316619873
0.9403555870056153
0.9405123710632324
0.9402557849884033
0.9403907299041748
0.9410134792327881
0.9410255670547485
0.9402887105941773
0.9400895357131958
0.9405904769897461
0.9405785799026489
0.9398799180984497
0.9401170015335083
0.9402154922485352
0.9398681879043579
0.9396733283996582
0.9401470422744751
0.9396872997283936
0.940162467956543
0.9398035049438477
0.9402739524841308
0.9401694059371948
0.9399202346801758
0.940086841583252
0.9400310754776001
0.939954423904419
0.9396934270858764
0.9398364067077637
0.9396757841110229
0.9400660514831543
0.9396482229232788
0.9396457433700561
0.9400030374526978
0.9397637605667114
0.9395175457000733
0.939966869354248
0.9402355194091797
0.9398653984069825
0.9404841184616088
0.940163540840149
0.9398385047912597
0.9400436639785766
0.9396568536758423
0.9401434183120727
0.9399690389633178
0.9397648334503174
0.9400293350219726
0.9400029897689819
0.9398673057556153
0.9397926330566406
0.9402700901031494
0.9399469375610352
0.9402864694595336
0.9399844408035278
0.9400882005691529
0.940157437324524
0.9402467489242554
0.9396714925765991
0.9405992746353149
0.9400121927261352
0.9399539709091187
0.940161657333374
0.9402619123458862
0.9400074720382691
0.9402555227279663
0.9399918794631958
0.9404406547546387
0.9392575740814209
0.9405559778213501
0.9404171466827392
0.9401283979415893
0.9399993896484375
0.9408218860626221
0.939880084991455
0.940090012550354
0.9402337074279785
0.9403419256210327
0.9399787902832031
0.9399430751800537
0.9404207229614258
0.940236496925354
0.9404038667678833
0.9398939609527588
0.9397478580474854
0.9403002500534058
0.9404378175735474
0.9394808053970337
0.9400997161865234
0.940004539489746
0.9403560876846313
0.9398766994476319
0.9399386882781983
0.940096116065979
0.9396798133850097
0.9404679775238037
0.9402600526809692
0.9400226354599
0.9405931234359741
0.9403762817382812
0.9399659395217895
0.9392745494842529
0.9408388137817383
0.9403874635696411
0.9401468515396119
0.9404583930969238
0.9401546001434327
0.9407230377197265
0.9405494451522827
0.9404950618743897
0.9404951095581054
0.9403614044189453
0.9402020454406739
0.9405001878738404
0.9399927139282227
0.940267539024353
0.940293264389038
0.9403340816497803
0.9400612115859985
0.9397523164749145
0.9401880979537964
0.9401414394378662
0.9397127151489257
0.9400513410568238
0.9401647567749023
0.9403337478637696
0.93999183177948
0.94015953540802
0.939635944366455
0.9396972417831421
0.9398870706558228
0.9401116847991944
0.9399574041366577
0.9400016307830811
0.9397430658340454
0.9399204969406127
0.9397814273834229
0.9398696184158325
0.9401037693023682
0.9400786638259888
0.9396814107894897
0.9396289110183715
0.9400319814682007
0.9403154611587524
0.9399447679519654
0.939896535873413
0.9403335094451905
0.9399969577789307
0.9402218103408814
0.9401073694229126
0.939971923828125
0.9401392459869384
0.9404020309448242
0.9400764226913452
0.9402883052825928
0.9401043653488159
0.9400721788406372
0.9398009300231933
0.9400670051574707
0.9403983354568481
0.9398654699325562
0.9396380662918091
0.9401166677474976
0.9399439334869385
0.9399255990982056
0.9397805452346801
0.9400787115097046
0.9396240711212158
0.9396267175674439
0.9391463756561279
0.9403432607650757
0.9390469074249268
0.939891004562378
0.93952956199646
0.9397596120834351
0.9392548084259034
0.9397696256637573
0.9395499706268311
0.9396230220794678
0.9395547389984131
0.9395000457763671
0.9392526388168335
0.9394819974899292
0.9398447513580322
0.9398028135299683
0.9402210950851441
0.9395188093185425
0.9398333072662354
0.939900803565979
0.9394383430480957
0.9396055698394775
model 4
0.39673280715942383
0.602045226097107
0.7176993727684021
0.7727115035057068
0.7993050217628479
0.8152481317520142
0.8265492677688598
0.8362651109695435
0.8451756477355957
0.8535747528076172
0.8626325607299805
0.8703917741775513
0.8780224561691284
0.8851183414459228
0.8906026363372803
0.8951259613037109
0.8997959613800048
0.9060219287872314
0.907183575630188
0.9123972892761231
0.9152706146240235
0.9171712875366211
0.9190140008926392
0.9203262090682983
0.9223876237869263
0.9251583576202392
0.9253303050994873
0.9280010223388672
0.9279311656951904
0.9290955543518067
0.9299975633621216
0.9301719427108764
0.9313712358474732
0.9323753118515015
0.9326701879501342
0.932162880897522
0.9330073833465576
0.9340464830398559
0.9345065593719483
0.9339519023895264
0.9360392808914184
0.9361977577209473
0.9362200975418091
0.9347428798675537
0.9347726345062256
0.9349764347076416
0.936685299873352
0.9371946334838868
0.9374939441680908
0.9363918542861939
0.9369984626770019
0.9365207433700562
0.9378126621246338
0.9368966102600098
0.9374472141265869
0.9365865468978882
0.9375061988830566
0.9361787557601928
0.9374297380447387
0.9359266042709351
0.936776852607727
0.9363728284835815
0.9361709594726563
0.9370838880538941
0.9357331275939942
0.9380634784698486
0.9370252847671509
0.9377729892730713
0.9372572898864746
0.938186526298523
0.9373037576675415
0.9372501134872436
0.9373507976531983
0.9381089210510254
0.9373500347137451
0.9377970933914185
0.9374057054519653
0.9377768039703369
0.9376307010650635
0.9374680519104004
0.9376823663711548
0.937872052192688
0.9380942106246948
0.938308572769165
0.9376705884933472
0.9379290342330933
0.9377412319183349
0.9379908323287964
0.9376410245895386
0.9374329090118408
0.9382869958877563
0.938230037689209
0.9376505613327026
0.9374541997909546
0.9376716852188111
0.9384206533432007
0.9372041940689086
0.9383944034576416
0.9374733448028565
0.9380293369293213
0.9365838289260864
0.9379403829574585
0.9377238273620605
0.9380265951156617
0.9380991697311402
0.9380135774612427
0.9383564233779907
0.9375426769256592
0.938761854171753
0.9380592346191406
0.9383959531784057
0.9379581689834595
0.9386258840560913
0.9378716468811035
0.9382186889648437
0.9380441427230835
0.9384922504425048
0.9386896610260009
0.9384531259536744
0.9383945465087891
0.9386743307113647
0.9381767749786377
0.9386610984802246
0.9384589195251465
0.9383381843566895
0.9387588500976562
0.9388312816619873
0.9382571458816529
0.938480544090271
0.938279104232788
0.9379548549652099
0.9374800205230713
0.9387599945068359
0.9373574018478393
0.9382810592651367
0.9387535095214844
0.9385220050811768
0.938732361793518
0.9375982761383057
0.9386951684951782
0.9379733324050903
0.9382532358169555
0.9379449844360351
0.9388309955596924
0.9384194374084472
0.9389839172363281
0.9387952804565429
0.9396075963973999
0.9383076906204224
0.9390893697738647
0.9381686925888062
0.9384368896484375
0.9383161544799805
0.9383488893508911
0.9380375385284424
0.9378155946731568
0.9377306699752808
0.9378567218780518
0.938155221939087
0.9380758285522461
0.9376052618026733
0.9376604080200195
0.9376834630966187
0.9373491048812866
0.9376544952392578
0.9380498409271241
0.9373650550842285
0.938046145439148
0.9370893239974976
0.9382070064544678
0.9372405529022216
0.9379224061965943
0.9376344680786133
0.938044548034668
0.9370086431503296
0.9380709648132324
0.9377920150756835
0.9378134727478027
0.9374239921569825
0.9375519990921021
0.9378833055496216
0.9378560066223145
0.9374863147735596
0.937938642501831
0.9373701810836792
0.9375271081924439
0.9375046014785766
0.9375120162963867
0.9379755973815918
0.9374263286590576
0.9374634265899658
0.9371641635894775
0.9372719764709473
0.9376605987548828
0.9370019912719727
0.9380969524383544
0.9376478910446167
0.9380960941314698
0.9371863842010498
0.9379167556762695
0.9368542671203614
0.938122010231018
0.9366032600402832
0.9374528646469116
0.937105917930603
0.9373915433883667
0.9367471218109131
0.9375437736511231
0.9372296333312988
0.9373751640319824
0.9372204065322876
0.9370607376098633
0.9367947101593017
0.9370497465133667
0.9375726461410523
0.9375546455383301
0.9369254589080811
0.9379525661468506
0.9369895935058594
0.9376375675201416
0.9367266654968261
0.9374335050582886
0.9371160984039306
0.9372310876846314
0.9369903564453125
0.9374103784561157
0.9371791124343872
0.9372864484786987
0.9368210077285767
0.9380939245223999
0.9376399755477905
0.9380908727645874
0.9378409385681152
0.9379818201065063
0.9374767780303955
0.9378952503204345
0.9370304822921753
0.9385682106018066
0.9373455762863159
0.938127875328064
0.9371577978134156
0.9381208419799805
0.9374732971191406
0.9377368450164795
0.937397050857544
0.9381616115570068
0.9367319583892822
0.9379843950271607
0.937584924697876
0.9381975412368775
0.9370866060256958
0.937717056274414
0.936703372001648
0.9382569074630738
0.9372041940689086
0.9371130704879761
0.9366086959838867
0.9378916263580322
0.9364205598831177
0.9379353523254395
0.9369716644287109
0.9375060319900512
0.9368343591690064
0.9374775409698486
0.9378060817718505
0.9373077154159546
0.9369154453277588
0.937455129623413
0.9371301651000976
0.9378635883331299
0.9363543033599854
0.9379444599151612
0.9371358394622803
0.9370999574661255
0.9371110916137695
0.9370017290115357
0.9375810146331787
0.936985993385315
0.9374157428741455
0.9374345541000366
0.9369436502456665
0.9371662378311157
0.9366050243377686
0.9369995355606079
0.9364058017730713
0.937349510192871
0.9366307497024536
0.9372483015060424
0.936616325378418
0.9371267795562744
0.9369670152664185
0.937105369567871
0.9368256330490112
0.9369661569595337
0.9370117664337159
0.9369342565536499
0.9366432189941406
0.9370430707931519
0.9363308191299439
0.9370915174484253
0.9372498035430908
0.936474347114563
0.9373907089233399
0.9368351459503174
0.9378258228302002
0.9371433258056641
0.9375653505325318
0.9369422912597656
0.9374790668487549
0.9371929883956909
0.9374445676803589
0.9376547813415528
0.9368058919906617
0.9367176055908203
0.9373956441879272
0.9366575479507446
0.9367222785949707
0.9371252298355103
0.9372819185256958
0.9371505975723267
0.9365122556686402
0.9369734525680542
0.9367915630340576
0.9369420528411865
0.9366688966751099
0.9372733116149903
0.9370066165924072
0.9368148803710937
0.9368260860443115
0.9366906881332397
0.9364868879318238
0.9368464469909668
0.936689043045044
0.9369351387023925
0.9369361162185669
0.9364177465438843
0.9370246887207031
0.9367703676223755
0.9369741201400756
0.9366981267929078
0.9370102167129517
0.9369120359420776
0.936923599243164
0.9365857839584351
0.9366312265396118
0.9367611885070801
0.9367338180541992
0.936638331413269
0.9362964630126953
0.9365484952926636
0.9368869543075562
0.9365238904953003
0.9366789102554322
0.9360246419906616
0.9367162704467773
0.9365930318832397
model 5
0.2624777376651764
0.369063937664032
0.47090461254119875
0.5612586498260498
0.6319417834281922
0.6804002165794373
0.7134915828704834
0.7373532891273499
0.7569904327392578
0.7716762781143188
0.7851024746894837
0.7966512680053711
0.8045652866363525
0.8152652978897095
0.8226114273071289
0.8289490699768066
0.83422372341156
0.8404324293136597
0.8472390651702881
0.8499293327331543
0.8563018083572388
0.8603138208389283
0.8649045467376709
0.8676594018936157
0.87077796459198
0.8742921590805054
0.8769755125045776
0.879691219329834
0.881024169921875
0.8848619222640991
0.8890375852584839
0.8882354021072387
0.8897404432296753
0.8955142498016357
0.8959578275680542
0.8943718910217285
0.8974454402923584
0.9005412101745606
0.9022427082061768
0.9036060333251953
0.9027679681777954
0.9047939300537109
0.9079875230789185
0.9073203802108765
0.9086081743240356
0.9089615345001221
0.9083549737930298
0.9109846353530884
0.9107073307037353
0.9109905004501343
0.910645604133606
0.910545539855957
0.9167353630065918
0.9159871578216553
0.914012861251831
0.9182212591171265
0.9192681312561035
0.917354154586792
0.917185640335083
0.9203042984008789
0.9199181079864502
0.9187323331832886
0.9210041046142579
0.920957612991333
0.9204915523529053
0.9225591659545899
0.9207218408584594
0.9218501806259155
0.9226974725723267
0.9255701780319214
0.9241863250732422
0.924692702293396
0.9249138355255127
0.9251623392105103
0.9267302274703979
0.9265642642974854
0.9266635179519653
0.9276294231414794
0.9270704507827758
0.9278247833251954
0.928489875793457
0.9282917976379395
0.9298898696899414
0.9286370515823364
0.9297055721282959
0.9295058727264405
0.9308457374572754
0.9302259683609009
0.9314805030822754
0.9306316375732422
0.9308444023132324
0.9304841756820679
0.9306613445281983
0.9315025568008423
0.9327616930007935
0.9309231281280518
0.9328219175338746
0.931578803062439
0.932246470451355
0.9328299045562745
0.9319878578186035
0.9318532466888427
0.9324439525604248
0.9324843168258667
0.9331336259841919
0.9321266651153565
0.9335949659347534
0.9332837343215943
0.934613037109375
0.9341539144515991
0.933430552482605
0.9344173192977905
0.9348010540008544
0.9335545539855957
0.9341446876525878
0.934171724319458
0.9344831228256225
0.9348672866821289
0.9341571092605591
0.9347319364547729
0.9347823143005372
0.9340731382369996
0.9354015350341797
0.934792423248291
0.9343226671218872
0.9350799798965455
0.934900164604187
0.9351125955581665
0.9346482753753662
0.9352664709091186
0.9339579343795776
0.9352765321731568
0.9357417345046997
0.93588707447052
0.9349730491638184
0.9355187177658081
0.935685658454895
0.9342249631881714
0.9352852821350097
0.9352739095687866
0.9352329492568969
0.9349262237548828
0.9346363544464111
0.9347439527511596
0.9362920045852661
0.9345607280731201
0.935553765296936
0.9353698015213012
0.9350230693817139
0.9354314804077148
0.935324239730835
0.9361184120178223
0.9346034049987793
0.9356626987457275
0.9354588508605957
0.9352898597717285
0.9348142147064209
0.9353259801864624
0.9356758117675781
0.9350457429885864
0.9359836578369141
0.9355769395828247
0.935703706741333
0.9352150678634643
0.9352181673049926
0.9353161573410034
0.9355197191238404
0.9353492736816407
0.9350762844085694
0.9353511333465576
0.9349207878112793
0.935213041305542
0.9344150066375733
0.9350989103317261
0.9349586963653564
0.9341558694839478
0.9356920957565308
0.9361153841018677
0.9362022399902343
0.9351877450942994
0.9365821838378906
0.935652780532837
0.9352781772613525
0.9345436334609986
0.9350541830062866
0.9341202259063721
0.9349980592727661
0.935327672958374
0.9350801706314087
0.935074257850647
0.9350069046020508
0.9351271152496338
0.9353722095489502
0.935091781616211
0.934579586982727
0.9350657224655151
0.9350468397140503
0.9354864358901978
0.9350802421569824
0.9339881420135498
0.93493173122406
0.9350431442260743
0.9348532676696777
0.9354891300201416
0.9348742246627808
0.9347528457641602
0.9349395036697388
0.9353688716888428
0.9346612215042114
0.9346923351287841
0.9343308210372925
0.9345755815505982
0.9350620985031128
0.9348891496658325
0.9352925300598145
0.9343979358673096
0.9349118947982789
0.9353838205337525
0.9356706380844116
0.9351100206375123
0.9353488445281982
0.9351030826568604
0.9350781679153443
0.9348197937011719
0.9350338459014893
0.9341244697570801
0.9353299856185913
0.9347749710083008
0.9355743646621704
0.9344347953796387
0.9351158380508423
0.9346882104873657
0.9353505373001099
0.9337870836257934
0.9348997354507447
0.9342801332473755
0.9343451261520386
0.9347549676895142
0.9348552703857422
0.9345824241638183
0.9353880167007447
0.934505295753479
0.9348915576934814
0.9342587709426879
0.9350830793380738
0.9344377517700195
0.9349788188934326
0.9347944259643555
0.9356068849563599
0.9343114614486694
0.9352286338806153
0.9345345020294189
0.935085654258728
0.9341479778289795
0.9350687980651855
0.9348228454589844
0.9349432945251465
0.9347959756851196
0.9346561193466186
0.9343290805816651
0.9347359657287597
0.934421968460083
0.9351672172546387
0.9348513841629028
0.9344166040420532
0.9345237970352173
0.935116958618164
0.9343714952468872
0.9343325138092041
0.9343814611434936
0.9350585222244263
0.9348453044891357
0.9338364601135254
0.9358083724975585
0.9363746404647827
0.9352234363555908
0.9346407413482666
0.9356332302093506
0.9348696947097779
0.9359519958496094
0.935396695137024
0.9346444606781006
0.9350571393966675
0.9354770183563232
0.9358240127563476
0.934532880783081
0.9349435091018676
0.9347387552261353
0.9353590488433838
0.9356315851211547
0.9354016065597535
0.9352745771408081
0.9345128059387207
0.9341185331344605
0.9340134859085083
0.9340548276901245
model 6
0.5823420643806457
0.7281564116477967
0.814315390586853
0.8560394763946533
0.8769353151321411
0.8911068439483643
0.9006488800048829
0.9073928356170654
0.9120630741119384
0.9160569429397583
0.919780969619751
0.9213811874389648
0.9250721454620361
0.9270556688308715
0.9300719499588013
0.9314152717590332
0.9330375671386719
0.9368053197860717
0.9370249032974243
0.937225079536438
0.940805172920227
0.9424616813659668
0.9406980276107788
0.9417469024658203
0.9422751903533936
0.9420074462890625
0.9433294057846069
0.9432694673538208
0.9441584348678589
0.9426342487335205
0.9435376405715943
0.9451699733734131
0.9446903467178345
0.9444989681243896
0.9441096782684326
0.945950198173523
0.9454959154129028
0.9446950674057006
0.9441492319107055
0.9441422939300537
0.9447354078292847
0.9444298505783081
0.9445822715759278
0.9443656921386718
0.9441329002380371
0.944290280342102
0.9441594362258912
0.9442947626113891
0.9431418657302857
0.9443598747253418
0.9438148021697998
0.9444172620773316
0.943853783607483
0.9446125984191894
0.944168496131897
0.9444186925888062
0.944700813293457
0.944492244720459
0.9430914640426635
0.9445684909820556
0.9437364339828491
0.9444361925125122
0.9439385652542114
0.9436440706253052
0.9440667867660523
0.944365119934082
0.9433574438095093
0.9439961194992066
0.9445440292358398
0.9444176197052002
0.94422767162323
0.9439809083938598
0.9445418119430542
0.9446451187133789
0.9447972059249878
0.9438714265823365
0.9442244291305542
0.9437446832656861
0.9434706926345825
0.9437294721603393
0.9438836574554443
0.9440302848815918
0.9441243171691894
0.9444183826446533
0.9441012382507324
0.9445983409881592
0.9444941997528076
0.9441640138626098
0.9442170619964599
0.944364857673645
0.9441782236099243
0.9436060667037964
0.9444972038269043
0.9442783832550049
0.9436026096343995
0.9437444925308227
0.9447039842605591
0.9437575578689575
0.9441686391830444
0.9441758394241333
0.9440034627914429
0.9443971633911132
0.9443218946456909
0.9445689201354981
0.9446646690368652
0.9446061849594116
0.9441880941390991
0.9446784734725953
0.9442415714263916
0.9445407390594482
0.9441229104995728
0.9440335750579834
0.9440333843231201
0.944290280342102
0.9445987701416015
0.9443596839904785
0.9440092325210572
0.9439771413803101
0.9446823835372925
0.9431475639343262
0.9440117120742798
0.943635082244873
0.9442424774169922
0.9436392784118652
0.9438146829605103
0.9438276767730713
0.9439206600189209
0.9434840679168701
0.9439519166946411
0.9435503721237183
0.9434792995452881
0.9437283992767334
0.9435428619384766
0.9434834003448487
0.9434246063232422
0.9433893203735352
0.943108606338501
0.9435718059539795
0.9431685447692871
0.9433658599853516
0.9436989068984986
0.943452262878418
0.9435744047164917
0.9433988332748413
0.9430139303207398
0.9436724662780762
0.9431080341339111
0.9433326244354248
0.9435235261917114
0.943084979057312
0.9437577247619628
0.9431114673614502
0.9433003664016724
0.9432309627532959
0.9440519332885742
0.9432209014892579
0.9432803630828858
0.943152904510498
0.9431044340133667
0.9429496765136719
0.9432274580001831
0.9428385496139526
0.9429226398468018
0.9429757356643677
0.9427722454071045
0.9424793243408203
0.9429928302764893
0.9429922103881836
0.9428200483322143
0.9424641609191895
0.9431878566741944
0.9428943634033203
0.9427839279174804
0.9431402206420898
0.9430203437805176
0.9429902076721192
0.9436980962753296
0.9431482076644897
0.9434144496917725
0.9428890705108642
0.9432377576828003
0.9428246259689331
0.9429435729980469
0.9427968263626099
0.9429155588150024
0.942939567565918
0.9429525136947632
0.9430330991744995
0.9427052497863769
0.9429095029830933
0.9430094957351685
0.942393136024475
0.9431488752365113
0.9426913738250733
0.9427265405654908
0.9425101518630982
0.9431393623352051
0.9425970315933228
0.9427058935165405
0.9426919221878052
0.9426843404769898
0.9425714492797852
0.9426928997039795
0.9424425363540649
0.942448616027832
0.9423628330230713
0.9422971963882446
0.9427778720855713
0.9421746492385864
0.9426383972167969
0.9428921461105346
0.9431366205215455
0.9429962635040283
0.9432925701141357
0.9435310125350952
0.942754864692688
0.9436524152755738
0.9433225154876709
0.9428813695907593
0.9428805351257324
0.9427894115447998
0.9427694082260132
model 7
0.5001206874847413
0.6411363124847412
0.7396515250205994
0.8071484565734863
0.8519830703735352
0.8783027172088623
0.892999267578125
0.9007128000259399
0.9060544967651367
0.9098430395126342
0.9131954669952392
0.9159988164901733
0.9184794187545776
0.9213779211044312
0.9237953424453735
0.9229524374008179
0.9245344161987304
0.9279693365097046
0.9302060842514038
0.930103850364685
0.9306833744049072
0.9329261302947998
0.9309254884719849
0.9336036205291748
0.9348409652709961
0.9339123964309692
0.9355717658996582
0.9354182958602906
0.9365309953689576
0.9369267463684082
0.9370700597763062
0.9381262063980103
0.9379393100738526
0.9388746500015259
0.9391650199890137
0.9380790233612061
0.9392985343933106
0.9398312330245971
0.9389122486114502
0.9410199165344239
0.9408111572265625
0.9410044431686402
0.9407921314239502
0.9411935567855835
0.9414279460906982
0.9417778491973877
0.9412353038787842
0.9418950080871582
0.9414619445800781
0.9423210859298706
0.9414836406707764
0.9426498413085938
0.9417613029479981
0.9418202400207519
0.9427471399307251
0.9439327001571656
0.9417311906814575
0.9432908296585083
0.9440812349319458
0.9436251640319824
0.9437246084213257
0.9427152156829834
0.9431821823120117
0.9434940814971924
0.9439804792404175
0.9436101913452148
0.9439997673034668
0.9433435916900634
0.9440007448196411
0.9432491779327392
0.9444962978363037
0.9432310104370117
0.9430986642837524
0.9435385942459107
0.9432613849639893
0.943080997467041
0.943691897392273
0.943599271774292
0.9438632488250732
0.9437192201614379
0.9442022800445556
0.9442255020141601
0.9441109418869018
0.9439787864685059
0.9433768033981323
0.9430935859680176
0.9437031984329224
0.9442779302597046
0.9437466859817505
0.9444997549057007
0.9438306808471679
0.9443727493286133
0.9441184759140014
0.9443671941757202
0.9441959381103515
0.9443324327468872
0.9448140144348145
0.9440269231796264
0.9446540355682373
0.9447576999664307
0.9441713333129883
0.9441278219223023
0.9441094875335694
0.944795298576355
0.944575309753418
0.9446404695510864
0.9450520277023315
0.9445837020874024
0.9451501846313477
0.9444498062133789
0.9446603536605835
0.9440175056457519
0.9442737340927124
0.9441390037536621
0.9444681644439697
0.9438894271850586
0.9442766666412353
0.944420862197876
0.9443525552749634
0.9444576501846313
0.9441606044769287
0.9445100784301758
0.9443094491958618
0.9444527387619018
0.9443912267684936
0.944176173210144
0.9442216634750367
0.9442378759384156
0.94451425075531
0.9442408323287964
0.9443955898284913
0.94427649974823
0.9441317558288574
0.944136643409729
0.9438446521759033
0.9441501379013062
0.9440527439117432
0.9441202640533447
0.9439139842987061
0.9441251516342163
0.9442765235900878
0.9439999341964722
0.9437198400497436
0.9440186738967895
0.9435115575790405
0.9441844940185546
0.9441413879394531
0.9435890436172485
0.9444917917251587
0.9434973239898682
0.9438498735427856
0.9436764478683471
0.9446394205093384
0.9438331604003907
0.9434515953063964
0.9437614917755127
0.944133996963501
0.9440516710281373
0.9436863422393799
0.9438955783843994
0.9437678813934326
0.9432112455368042
0.9437852621078491
0.9435309886932373
0.9432030200958252
0.9433833599090576
0.9433675765991211
0.9430490493774414
0.943824052810669
0.9434849739074707
0.942999005317688
0.9432408094406128
0.943044900894165
0.9433220863342285
0.943117904663086
0.9434905529022217
0.9433371782302856
0.9435321807861328
0.9429405212402344
0.9434038400650024
0.9430790901184082
0.9433061599731445
0.9436841249465943
0.9432271957397461
0.9437759160995484
0.9428228378295899
0.9435295343399048
0.9433698654174805
0.9434607744216919
0.9431829929351807
0.9432856321334839
0.9431220054626465
0.9435244083404541
0.9432690858840942
0.9432648181915283
0.9432822704315186
0.9432436943054199
0.9430084228515625
0.943164587020874
0.9431571960449219
0.9430584907531738
0.9426381111145019
0.9431241512298584
0.942620825767517
0.9430260419845581
0.9430362462997437
0.9428751230239868
0.9426807641983033
0.9430506944656372
0.9427601575851441
0.9430305242538453
0.9424831151962281
0.9428082704544067
0.9428814888000489
0.9428330659866333
0.9435572624206543
0.942737340927124
0.9434906244277954
0.9430160522460938
0.9430972576141358
0.9431105375289917
0.9436782836914063
0.943306303024292
0.9435379028320312
0.94320228099823
0.9435477972030639
0.9432031393051148
0.9439937353134156
0.9429210662841797
0.9432639122009278
0.9436143398284912
0.9438695669174194
0.9433425188064575
0.9438948631286621
0.9430535078048706
0.9431936264038085
0.9437014102935791
0.9438275575637818
0.9435847520828247
0.9437860250473022
0.9435302019119263
0.9435703754425049
0.9430831909179688
0.9434263467788696
0.9430794954299927
0.9431343317031861
0.943070650100708
0.9429492712020874
0.9428654193878174
0.9436622381210327
0.9429555654525756
0.9433289766311646
0.9429469108581543
0.9433289051055909
0.9429250001907349
0.9433614492416382
0.9431024551391601
0.9432710170745849
0.9432879686355591
0.9430793523788452
0.9430095434188843
0.9429420709609986
0.943118953704834
0.9428828954696655
0.9430178165435791
0.9425858974456787
0.9430640935897827
0.9430053949356079
0.9423477172851562
0.9431064844131469
0.9433346748352051
0.9432682514190673
0.9426389455795288
0.9426231622695923
0.9428600549697876
0.943239426612854
0.9430847644805909
0.9438096523284912
0.9432740688323975
0.9434602499008179
0.9432677030563354
0.9431814193725586
0.9433972358703613
0.9429439067840576
0.9429450511932373
0.9430744409561157
0.9430651903152466
0.9428309202194214
0.9431352853775025
0.9428097248077393
0.9431709766387939
0.9424605369567871
0.9427325010299683
0.9427902698516846
0.9427522420883179
0.9427054166793823
0.9427696943283081
0.9425543546676636
0.9427157878875733
0.9423942565917969
0.94262535572052
0.9425554990768432
0.9427273988723754
0.942446231842041
0.9424690961837768
0.9421496391296387
0.9430553436279296
0.9424444198608398
0.9429235219955444
0.9421485424041748
0.9429136514663696
0.9422927856445312
0.9427167654037476
0.9427048444747925
0.9426727771759034
0.9426720619201661
0.942740535736084
0.9425232410430908
0.9426401138305665
0.942694115638733
0.9424325704574585
0.942632508277893
0.9430363655090332
0.9427358388900757
0.9429839372634887
0.9429442882537842
0.9426825761795044
0.9429462194442749
0.9424275398254395
0.9428943634033203
0.942365288734436
0.9426933765411377
0.9426487445831299
0.9426337718963623
0.9423984289169312
0.9425755500793457
0.9425427436828613
0.9424313545227051
0.9424816608428955
0.9422409772872925
0.9424460887908935
0.9421086072921753
0.94230797290802
0.9421548843383789
0.942532730102539
0.9422723054885864
0.9423942804336548
0.9420748472213745
0.9421757936477662
0.9424628019332886
0.9420600891113281
0.9422077894210815
0.9421672582626343
0.9423423528671264
0.9419498920440674
0.9423569917678833
0.9419033050537109
0.9424304008483887
0.9419902324676513
0.942615556716919
0.9419458627700805
0.9422879219055176
0.9420836210250855
0.9424316644668579
0.9421046018600464
0.9423076868057251
0.9423547744750976
0.9422332048416138
0.9420262336730957
0.9424533128738404
0.9423812389373779
0.9425672292709351
0.9424631357192993
0.9423575401306152
0.9422306299209595
0.942390751838684
0.9427383184432984
0.9424612045288085
0.9429658412933349
0.9424590826034546
0.9424002170562744
0.9425321340560913
0.942486572265625
0.9424757719039917
0.9424684762954711
0.9425814151763916
0.9425366401672364
0.9422701120376586
0.9426117897033691
0.9423756122589111
0.9425315141677857
0.9425357580184937
0.9425863027572632
0.9422872066497803
0.9424886703491211
0.9421600103378296
0.9422849416732788
0.9420594215393067
model 8
0.45148080587387085
0.6009212970733643
0.7157859086990357
0.7858810424804688
0.8234219312667846
0.8418295860290528
0.8516688346862793
0.8598474979400634
0.8686776638031006
0.876947021484375
0.8856938600540161
0.8918918609619141
0.8976375341415406
0.9033563137054443
0.9078634023666382
0.9120256662368774
0.9145527601242065
0.9189802646636963
0.9215682506561279
0.9228216171264648
0.9268924713134765
0.9246773481369018
0.9269167184829712
0.9258368730545044
0.9297886610031127
0.932113766670227
0.9312021017074585
0.9317212581634522
0.9323775291442871
0.9314480304718018
0.9332580804824829
0.9333232641220093
0.9335153102874756
0.9349262714385986
0.9353691577911377
0.9352939844131469
0.9362520933151245
0.9361191272735596
0.935577130317688
0.9355437517166137
0.9360548496246338
0.9349000453948975
0.9355221033096314
0.9346805572509765
0.9355984687805176
0.9360866785049439
0.9354808807373047
0.9359874963760376
0.9359491109848023
0.9360612630844116
0.9368974685668945
0.936194372177124
0.9367629528045655
0.936849308013916
0.937056040763855
0.9375843524932861
0.9373194694519043
0.9365540981292725
0.93659827709198
0.9373131513595581
0.9374017000198365
0.9360259771347046
0.9368841171264648
0.9365405559539794
0.9375364065170289
0.9378951549530029
0.9376979112625122
0.9374604225158691
0.9369735002517701
0.9371260166168213
0.9367655277252197
0.9371437788009643
0.9370802640914917
0.9374188423156739
0.9363089799880981
0.9373903512954712
0.9366332054138183
0.9368136405944825
0.9363380670547485
0.937274718284607
0.9361226558685303
0.9363734245300293
0.936516261100769
0.9364537000656128
0.935781741142273
0.936433744430542
0.9366133689880372
0.9367278814315796
0.9366144418716431
0.9373846530914307
0.9368965148925781
0.9366332769393921
0.936367392539978
0.9359416007995606
0.9367920637130738
0.9372447967529297
0.936293649673462
0.9358761072158813
0.9363744020462036
0.9359498262405396
0.9365293502807617
0.9362006187438965
0.9363477945327758
0.9358706951141358
0.9364344596862793
0.9362106800079346
0.9366413831710816
0.9365029811859131
0.9363996028900147
0.9356835603713989
0.9361446142196655
0.9359375476837158
0.9356809139251709
0.9360915660858155
0.9358121633529664
0.9357906103134155
0.9356618642807006
0.9357670307159424
0.9358721017837525
0.9354623794555664
0.9353040456771851
0.9358572006225586
0.9353817939758301
0.9355632543563843
0.935751986503601
0.9358021020889282
0.9357471942901612
0.9365283489227295
0.9358419418334961
0.9355406761169434
0.9356019258499145
0.9353981494903565
0.9353550672531128
0.9353580951690674
0.935116982460022
0.9354285001754761
0.9354140281677246
0.9351354598999023
0.9350847959518432
0.9352614164352417
0.9351374387741089
0.9350652694702148
0.9352727651596069
0.9345462083816528
0.9352025508880615
0.9346395015716553
0.9352970123291016
0.9348549127578736
0.9351698637008667
0.9351959466934204
0.9347729444503784
0.9346152305603027
0.9346403121948242
0.9342799186706543
0.9345774412155151
0.9346806764602661
0.9354081392288208
0.9344056129455567
0.9352310180664063
0.9343835353851319
0.9355044841766358
0.9345293760299682
0.9349593400955201
0.9345184564590454
0.9351863622665405
0.9342108726501465
0.9341038942337037
0.9345410823822021
0.9345189094543457
0.9345234394073486
0.9347466468811035
0.9343097925186157
0.9343535900115967
0.9349489450454712
0.934315299987793
0.9344174861907959
0.9346274614334107
0.934952187538147
0.9339608907699585
0.9347210168838501
0.9350168466567993
0.9348986148834229
0.9349063396453857
0.9348122119903565
0.9344828605651856
0.9351825475692749
0.9342633485794067
0.9348069190979004
0.9349137783050537
0.9347660541534424
0.9346625328063964
0.9350110292434692
0.9346847057342529
0.9343806982040406
0.9343292713165283
0.9344127178192139
0.9339781284332276
0.9347431898117066
0.934372854232788
0.9343109607696534
0.93467218875885
0.9337728500366211
0.9345174789428711
0.9348335027694702
0.9342231273651123
0.9345760107040405
0.9343164205551148
0.9346785545349121
0.9346749544143677
0.9347100257873535
0.9344463348388672
0.9344439506530762
0.9342613220214844
0.9344289302825928
0.934521746635437
0.934493613243103
0.9340577840805053
0.934241795539856
0.9338233232498169
0.9340579748153687
0.9346808195114136
0.934280800819397
0.9340020418167114
0.9347713947296142
0.9344862222671508
0.9346606969833374
0.934320044517517
0.934176754951477
0.9346233606338501
0.9348455905914307
0.934264087677002
0.9346428394317627
0.934129285812378
0.9345409870147705
0.9343731880187989
0.9338947296142578
0.9343611478805542
0.9340979814529419
0.934313154220581
0.9337962388992309
0.9336894750595093
0.934294605255127
0.9345145940780639
0.933944296836853
0.9336352109909057
0.9338081836700439
0.934040641784668
0.9341689109802246
0.9337863445281982
0.9343010663986206
0.9336387634277343
0.9345879554748535
0.9341185092926025
0.9344481468200684
0.9346620798110962
0.9337644338607788
0.9343101978302002
0.9343886852264405
0.9345025062561035
0.9343995571136474
0.933855938911438
0.9346653938293457
0.9341070652008057
0.9342435836791992
0.9340265989303589
0.934361457824707
0.934319019317627
0.9340296268463135
0.93433096408844
0.9339680433273315
0.9338101387023926
0.933978271484375
0.9337502479553222
0.9339116096496582
0.9336483955383301
0.9341286659240723
0.9339006662368774
0.9335830688476563
0.9339647769927979
0.9339350700378418
0.9337464094161987
0.9333985328674317
0.9339016437530517
0.9333113193511963
0.93406662940979
0.9342252969741821
0.9334033966064453
0.934015154838562
0.9343112707138062
0.9341684103012085
0.9343866348266602
0.9336394548416138
0.933903980255127
0.9340852260589599
0.9346427917480469
0.9337969541549682
0.9343171834945678
0.9339277267456054
0.9337294101715088
0.934421706199646
0.9334993600845337
0.9340412139892578
0.9336062669754028
0.9342341423034668
0.933976411819458
0.9343912839889527
0.9342466115951538
0.9337327003479003
0.9339864492416382
0.9340213060379028
0.9348103284835816
0.9347754955291748
0.9347779273986816
0.9342715501785278
0.9337133884429931
0.9340859651565552
0.9345155715942383
0.9343308925628662
0.9340617895126343
0.934339189529419
0.9342056274414062
0.933961820602417
0.9342474699020386
0.9339969873428344
0.9346051216125488
0.9343715906143188
0.9338979005813599
0.934064245223999
0.9344581127166748
0.9343921899795532
0.9341453790664673
0.9341094732284546
0.9342363119125366
0.934254240989685
0.9335823059082031
0.9338525056838989
0.9343145370483399
0.9338314056396484
0.9338713407516479
0.9338014841079711
0.9336532831192017
0.9336893796920777
model 9
0.2713675796985626
0.32739087343215945
0.39190550446510314
0.46602479219436643
0.5567490339279175
0.6508344888687134
0.7210403203964233
0.7645442724227905
0.7947892308235168
0.8176312923431397
0.8346440076828003
0.8507653951644898
0.8661910772323609
0.8780616283416748
0.8892837285995483
0.8943416595458984
0.8970654487609864
0.9019758224487304
0.9049013376235961
0.9079775333404541
0.9128055095672607
0.9150004863739014
0.9155526399612427
0.9192306518554687
0.9206722974777222
0.9208018541336059
0.922728443145752
0.9244418859481811
0.926428246498108
0.9246702194213867
0.9227795124053955
0.9270021915435791
0.9296360969543457
0.9285563468933106
0.9281933307647705
0.9298011541366578
0.9305153369903565
0.9318180084228516
0.9313855648040772
0.9317838430404664
0.931782341003418
0.9314446687698364
0.9312626600265503
0.9327240228652954
0.9321545124053955
0.9337255954742432
0.9321369171142578
0.9330266237258911
0.9328515291213989
0.9337384223937988
0.9335116147994995
0.9335600852966308
0.9338467836380004
0.9337122440338135
0.9342862606048584
0.934686279296875
0.9348774671554565
0.9346870660781861
0.9352488279342651
0.9355527639389039
0.9352296113967895
0.9336402416229248
0.9345105886459351
0.9359286546707153
0.9366332769393921
0.9368412494659424
0.9369979858398437
0.9362659931182862
0.9365256786346435
0.9372749328613281
0.9345780849456787
0.9359814882278442
0.9361459493637085
0.9370197057723999
0.9367702960968017
0.9368266105651856
0.9378178834915161
0.9383916139602662
0.9372263669967651
0.9368548393249512
0.9380635499954224
0.9367355346679688
0.9375032663345337
0.9366713523864746
0.9379273653030396
0.9379149913787842
0.9377835988998413
0.9374971628189087
0.9368955373764039
0.9385642766952514
0.9384997129440308
0.9377687931060791
0.9379518032073975
0.9378126621246338
0.938318419456482
0.9383370876312256
0.9385743379592896
0.9377146244049073
0.9385778188705445
0.9380667686462403
0.9389359712600708
0.9384014129638671
0.9383258104324341
0.9373205661773681
0.9381345272064209
0.9384676694869996
0.9380741357803345
0.9376991748809814
0.9383472204208374
0.9381605863571167
0.9381051301956177
0.9379565000534058
0.9379426002502441
0.9377209663391113
0.9378893852233887
0.9370119571685791
0.9382000923156738
0.9380394220352173
0.9371957778930664
0.9385953903198242
0.9377529382705688
0.9378743171691895
0.9374327659606934
0.9386160373687744
0.9369584798812867
0.9375294923782349
0.9367627382278443
0.9374534845352173
0.9376173257827759
0.9376095771789551
0.9364995718002319
0.9381539106369019
0.9374197006225586
0.9372560501098632
0.9371920824050903
0.9370263338088989
0.9373959064483642
0.9370155096054077
0.937194561958313
0.9378700971603393
0.9372087717056274
0.9377887010574341
0.9375227689743042
0.9374645233154297
0.9367297887802124
0.9367821693420411
0.9368752479553223
0.9376211404800415
0.9363730669021606
0.9370336294174194
0.9364374160766602
0.9364920616149902
0.9371142148971557
0.9370139598846435
0.9364879131317139
0.9369254589080811
0.9367026329040528
0.9370468854904175
0.9366001605987548
0.93696608543396
0.9365472078323365
0.9367986679077148
0.9363491296768188
0.9365621566772461
0.9366097688674927
0.9372279405593872
0.9363925933837891
0.9365308523178101
0.936796760559082
0.9358156204223633
0.9364241361618042
0.9361714363098145
0.9364547967910767
0.9362815380096435
0.9364876985549927
0.9363089799880981
0.9365312337875367
0.9354806661605835
0.9367867708206177
0.9354635000228881
0.93627028465271
0.936752724647522
0.9355196237564087
0.9361042022705078
0.936333417892456
0.9360322952270508
0.9357753992080688
0.9356948137283325
0.93589289188385
0.9359275579452515
0.9358361244201661
0.9355686187744141
0.935158085823059
0.9358147144317627
0.9359026908874511
0.9353291749954223
0.9355807065963745
0.9350900888442993
0.9353326082229614
0.9353527784347534
0.9357020139694214
0.9347612380981445
0.9352705955505372
0.9353867292404174
0.9355396747589111
0.9348419427871704
0.9360332727432251
0.9349978685379028
0.9351133823394775
0.9356368541717529
0.935370659828186
0.9342684745788574
0.9356916904449463
0.9354575872421265
0.9350314855575561
0.9351907253265381
0.9351039409637452
0.9351619958877564
0.934974193572998
0.9353199243545532
0.9354972600936889
0.934437608718872
0.9352883577346802
0.9355465650558472
0.9346130609512329
0.9350854635238648
0.9346087455749512
0.9350485801696777
0.9350537538528443
0.9350424766540527
0.9348838567733765
0.9352725267410278
0.9350489139556885
0.9350994110107422
0.9347333908081055
0.9352566719055175
0.9350329399108886
0.9353058815002442
0.9344194173812866
0.9356897830963135
0.9344973564147949
0.9356178760528564
0.9344805240631103
0.9354745626449585
0.9342027187347413
0.9357110977172851
0.9343852758407593
0.9349246740341186
0.9350476264953613
0.9349816322326661
0.9349342584609985
0.9352712869644165
0.9344158411026001
0.9349826097488403
0.934693455696106
0.9348349571228027
0.9345568895339966
0.9346688985824585
0.9345423460006714
0.9349319219589234
0.9350863456726074
0.934290862083435
0.9346538066864014
0.9340302228927613
0.9345124721527099
0.9345594644546509
0.9343959569931031
0.9349057912826538
0.9346117496490478
0.934629487991333
0.9347021818161011
0.9350897789001464
0.9342140436172486
0.9346131563186646
0.9345485925674438
0.9348079919815063
0.9343150377273559
0.9347256898880005
0.9340134382247924
0.9347492456436157
0.9344559192657471
0.9339473485946655
0.9344149827957153
0.9346879959106446
0.9340960502624511
0.9343578577041626
0.9341102123260498
0.9341125726699829
0.934407377243042
0.9346798419952392
0.93465576171875
0.934320068359375
0.9350076198577881
0.9344212770462036
0.9348831653594971
0.9341412544250488
0.9345703125
0.9342904329299927
0.9344971895217895
0.9344101667404174
0.9346167325973511
0.9341960430145264
0.9343115329742432
0.9341311454772949
0.9345118284225464
0.934102725982666
0.9341428279876709
0.9342608213424682
0.9340811729431152
0.9336998701095581
0.9341816186904908
0.9337592840194702
0.9340628147125244
0.9335322380065918
0.9341349124908447
0.9336307525634766
0.9346847534179688
0.9335862636566162
0.9344492673873901
0.9340818166732788
0.9341253757476806
0.9345403432846069
0.9344328165054321
0.9338804960250855
0.934158205986023
0.9338077068328857
0.9342176437377929
0.9339580535888672
0.9337824583053589
0.934073805809021
0.933071494102478
0.9346274614334107
0.933873987197876
0.9338056325912476
0.9341467380523681
0.9341334819793701
0.9338721752166748
0.9343552112579345
0.933881425857544
0.9345512628555298
0.9336050748825073
0.933943796157837
0.9332632780075073
0.9343229293823242
0.9335912227630615
0.9338669300079345
0.9342267751693726
0.9341120719909668
0.9343042135238647
0.9344263553619385
0.933457350730896
0.9340196371078491
0.9338845252990723
0.9332609176635742
0.933932113647461
