run 0
model 0
0.84890798330307
0.8630806669592858
0.8671928063035012
0.8696846589446068
0.8712821751832962
0.8572353318333625
0.8794947504997254
0.877907219529152
0.8789333701133728
0.881829272210598
0.8863635450601578
0.8787578716874123
0.8793741777539253
0.8869739413261414
0.8811586007475853
0.8887390315532684
0.8876286163926125
0.8896766185760498
0.8867768302559853
0.8906632497906685
0.8797516822814941
0.8898540824651718
0.88944670855999
model 1
0.9123224303126335
0.922662952542305
0.9209131017327309
0.9289156481623649
0.9257306322455406
0.9305652052164077
0.9273415088653565
0.9325978994369507
0.9324170053005219
0.9303891345858574
0.9318159103393555
0.9287318155169487
0.9306732431054116
model 2
0.9078438952565193
0.9289389625191689
0.9342325448989868
0.9348161667585373
0.9396444112062454
0.9389924094080925
0.9409803628921509
0.9445435553789139
0.9452741429209709
0.9440154403448104
0.9431770220398903
0.9465353161096572
0.9465704828500747
0.947450053691864
0.9485567554831504
0.9461404487490654
0.9436472967267037
0.9464193716645241
0.9493247985839843
0.9501603558659554
0.9471951708197593
0.9484949827194213
0.9486406534910202
0.9477762222290039
0.9483859837055206
0.9495070651173592
0.9497468516230583
0.9405553087592124
model 3
0.8649474203586578
0.8978515535593032
0.9088099390268326
0.9160015091300011
0.9191344663500786
0.9209003016352654
0.9181885778903961
0.9204287856817246
0.9277043685317039
0.9342808783054352
0.9317586541175842
0.9358398765325546
0.9332511946558952
0.9386790543794632
0.9398385360836983
0.9378396764397621
0.9393613532185554
0.9421592429280281
0.9425971299409867
0.9389435246586799
0.9440053090453148
0.940005111694336
0.9447574242949486
0.9433648154139519
0.9420705050230026
0.9465245515108108
0.9460900500416756
0.9463309079408646
0.9429776549339295
0.9427904173731804
0.9435560971498489
0.9472900480031967
0.9457484588027001
0.9479917913675309
0.9454879507422447
0.9452620849013329
0.9459643065929413
0.9489633426070213
0.9424318730831146
0.9490008875727654
0.9491221621632576
0.9499322637915611
0.9474446803331376
0.9481345817446709
0.94828260242939
0.9480972737073898
0.9459895640611649
0.9472923547029495
0.9482874244451522
0.9477780848741532
0.9440304920077324
0.9499736964702606
0.9494828552007675
0.9466927811503411
0.9490793362259865
0.9491645485162735
0.9454183861613273
0.9485921368002892
0.9520197197794914
0.9478361815214157
0.9473649367690087
0.9476687535643578
0.9493486508727074
0.9468209713697433
0.949040849506855
0.948666836321354
0.9530540406703949
0.9496840998530388
0.9527340799570083
0.9502773061394691
0.949471364915371
0.9479460299015046
0.9495417132973671
0.9502566829323769
0.9522560283541679
0.9507638290524483
0.9491910174489021
0.9489473909139633
0.9518935710191727
0.9516104772686959
0.9521924287080765
0.9496080532670022
0.94936403632164
0.9510853379964829
0.9523974046111107
0.9522788166999817
0.9518935665488243
0.950701254606247
0.9514930278062821
0.9511570751667022
0.952463336288929
0.9498503684997559
0.951319532096386
0.950589106976986
0.9525899291038513
0.9519639238715172
0.949515900015831
0.9525146827101707
0.9489376440644264
0.9510409235954285
0.949822136759758
0.9532021775841713
0.9507323205471039
0.9529028803110122
0.9479097694158554
0.9466812580823898
0.9512345060706139
0.9513835981488228
0.9513409480452537
run 1
model 0
0.8520998269319534
0.8598313733935357
0.8724205538630485
0.8818025857210159
0.8679144486784935
0.8761408552527428
0.8765492454171181
0.8860456198453903
0.8791338160634041
0.8808573335409164
0.8863067597150802
0.8832423880696296
0.8860154405236245
0.8777835637331008
0.8834952756762504
model 1
0.9051661118865013
0.9236286699771881
0.926949517428875
0.9259073629975318
0.9268686905503273
0.9280060186982155
0.9256159096956253
0.9331853702664376
0.9307863026857376
0.933496531844139
0.9304624930024147
0.9272326871752739
0.934631597995758
0.9246707186102867
0.9303687915205956
0.9355011597275734
0.9319450989365577
0.9352527052164078
0.9353892236948014
0.9378368124365807
0.9362831190228462
0.9381003215909004
0.9348166465759278
0.9359276667237282
0.938807700574398
0.93541249781847
0.9381405279040337
0.9388471454381943
0.9355772271752357
0.936563403904438
model 2
0.8999207764863968
0.9230453461408615
0.9291394144296646
0.9344253182411194
0.9358405277132988
0.9365373238921165
0.9405542358756065
0.9416962876915932
0.938155323266983
0.9399277403950691
0.9455968633294105
0.9439746677875519
0.9425936162471771
0.943344184756279
0.9446025177836418
0.9436547666788101
model 3
0.8499374762177467
0.8937707543373108
0.9073713541030883
0.9181488633155823
0.9210999041795731
0.9245637878775597
0.9257960051298142
0.9290918856859207
0.9268431156873703
0.9336094304919242
0.9285796642303467
0.9325072824954986
0.9380550056695938
0.9358935594558716
0.9349825486540795
0.9363501638174057
0.9356449499726296
0.9368957161903382
0.9381076946854592
0.9406835600733757
0.9382730558514595
0.9421335488557816
0.9408035665750504
0.9435919299721718
0.9452371507883072
0.9401745140552521
0.9430048376321792
0.944632439315319
0.9464623421430588
0.946179737150669
0.942232072353363
0.947335647046566
0.946437107026577
0.943721690773964
0.9453139275312423
0.9463083192706108
0.9470047503709793
0.9469317957758904
0.9487773358821869
0.9435317575931549
0.9475363373756409
0.9479522287845612
0.9478028580546379
0.9490707322955132
0.946387241780758
0.9477778196334838
0.9476679310202598
0.9411880686879158
0.9442121595144272
0.9466257840394974
0.9475053548812866
0.9468080505728722
0.9479028582572937
0.9482096269726753
0.9468760967254639
0.948951105773449
0.9515989631414413
0.9501895993947983
0.9430847868323327
0.9492550626397133
0.9507631093263627
0.9484831035137177
0.9512062668800354
0.9486718744039535
0.9456447958946228
0.9492974355816841
0.9484934061765671
0.9485387668013573
0.9490866675972939
0.9480867326259613
0.9515039071440696
0.9447828352451324
0.9507478028535843
0.9510813906788826
0.9517756462097168
0.9504101291298866
0.9502837628126144
0.9524231180548668
0.9489058434963227
0.9513617038726807
0.9486500576138497
0.9526283517479897
0.9494099780917168
0.9490723296999931
0.9486976400017738
0.9492106676101685
0.9484893262386322
run 2
model 0
0.8495927810668945
0.8627194449305534
0.872055983543396
0.870862127840519
0.873776362836361
0.8634654149413109
0.8716819524765015
0.8837152913212776
0.8806206151843071
0.8828625202178955
0.8859773382544518
0.8809553012251854
0.8878465682268143
0.8807328566908836
0.8878116503357887
0.8821544349193573
0.888973842561245
0.8842263296246529
0.8839504480361938
0.8865734845399856
model 1
0.9146892592310906
0.9129927903413773
0.9191944286227226
0.926923967897892
0.923238392174244
0.9287019282579422
0.9280092805624008
0.9313724875450134
0.9313808158040047
0.9323798611760139
0.92921531945467
0.9263928100466728
0.9353669673204422
0.9352528780698777
0.9362183272838592
0.9313779637217522
0.9351932913064956
0.9356573075056076
0.9363341048359871
0.936499436199665
model 2
0.9054849863052368
0.9267014041543007
0.935181887447834
0.9381859213113785
0.9359865084290504
0.9415151968598365
0.9417251497507095
0.9379025116562844
0.9456986591219902
0.9411739721894264
0.9431126967072487
0.9445086985826492
0.9472875744104385
0.9468566343188286
0.9471842899918557
0.9483713686466217
0.9468947634100914
0.9471219405531883
0.9459002450108528
0.9475363031029701
0.9483882442116738
0.9472981661558151
0.9465220406651497
0.9488092109560966
0.9493612349033356
0.9483667597174644
model 3
0.8466058477759362
0.8506973773241043
0.8571404039859771
0.8677049607038498
0.8731286257505417
0.8809523820877075
0.8816169142723084
0.8788377165794372
0.8888546362519264
0.8931534171104432
0.8975855439901352
0.8969364300370216
0.8984347954392433
0.9008531630039215
0.9022215932607651
0.9003020167350769
0.9045873656868935
0.9062290757894516
0.9047240793704987
0.9066435649991036
0.9055118471384048
0.9081639036536217
0.9072138294577599
0.908648282289505
0.9108188867568969
0.913611401617527
0.9129628583788871
0.9135340183973313
0.9134324982762336
0.9153710290789604
0.9150427982211113
0.9175586730241776
0.9170960292220116
0.9180376827716827
0.9209253504872322
0.9201558724045753
0.9189296931028366
0.9189650192856789
0.921028359234333
0.9202119976282119
0.9185936719179153
0.9233908846974372
0.9212624102830886
0.9209799438714981
0.9216946944594383
0.9219572469592094
0.9131931856274604
0.9209394097328186
0.9214321628212929
0.9254497826099396
0.9253282591700553
0.9243494436144829
0.9216298222541809
0.9247168824076653
0.92321837246418
0.9278103306889534
0.9256994456052781
0.9276277780532837
0.9280411124229431
0.9277618274092674
0.9238843902945518
0.9285493567585945
0.9249568223953247
0.9256718590855598
0.9277705088257789
0.9263040482997894
0.930077600479126
0.9292703226208687
0.9294964402914048
0.9311297416687012
0.9310361877083778
0.93081643730402
0.9273384839296341
0.9297054350376129
0.9253410562872887
0.9270866140723228
0.9333746016025544
0.9305119946599006
0.9293929323554039
0.9310535475611686
0.9322309836745262
0.926646663248539
run 3
model 0
0.8515128254890442
0.8620012700557709
0.870412914454937
0.8758796319365502
0.878752025961876
0.8700544849038124
0.8597858905792236
0.8827532723546028
0.887358883023262
0.8837748005986213
0.8871745795011521
0.8891080394387245
0.8814346492290497
0.8856490850448608
model 1
0.9023493260145188
0.9186861112713813
0.9267274871468544
0.925872103869915
0.929388539493084
0.9228769108653069
0.9277691170573235
0.9330201029777527
0.9270412027835846
0.9345840767025948
0.9267066597938538
0.935605776309967
0.9337143167853356
0.9355845004320145
0.9321497708559037
0.9337800070643425
0.9391043663024903
0.9359404191374778
0.9292122349143028
0.9342306688427925
0.9385044485330581
0.9328143283724785
model 2
0.8702341422438622
0.9047490239143372
0.9126519754528999
0.9202486097812652
0.9270025581121445
0.9206232622265815
0.9313948273658752
0.9287790536880494
0.9284449011087418
0.9309988155961036
0.9390180140733719
0.9363467440009117
0.9354348808526993
0.9398239359259606
0.9382070541381836
0.9373034834861755
model 3
0.8283948451280594
0.8321513131260871
0.8466519042849541
0.8539826199412346
0.8632182270288468
0.8616851925849914
0.8673829525709152
0.8637505158782005
0.8736114069819451
0.8802387863397598
0.8811872094869614
0.8881415143609047
0.8868081986904144
0.8934159979224205
0.897860161960125
0.8933076024055481
0.9030373945832253
0.9001286894083023
0.9048993229866028
0.9058487072587014
0.9065254852175713
0.9086147487163544
0.9107552081346512
0.9086629047989845
0.9092480346560479
0.9105633288621903
0.90936229377985
0.9137346625328064
0.916692516207695
0.9140344470739364
0.9139001771807671
0.9157354205846786
0.9149792864918709
0.9147586390376091
0.9174565270543098
0.9172590941190719
0.9214288502931595
0.9185631647706032
0.9207600086927414
0.9190767496824265
0.921393632888794
0.9212698236107826
0.9208784863352776
0.9178634941577911
0.9192031934857369
0.9176752090454101
0.9219609782099724
0.9222656220197678
0.9228428453207016
0.9232379153370858
0.9229175075888634
0.9215930223464965
0.921884223818779
0.9240936800837517
0.9204842403531075
0.9223365649580956
0.9229088962078095
0.925451397895813
0.9252113655209542
0.923097462952137
0.9282714426517487
0.9274774804711342
0.9259273201227188
0.9245335221290588
0.9245649561285972
0.9272086918354034
0.925774247944355
0.9283166363835335
0.9273530021309853
0.9277559578418731
0.9274750396609306
0.9225982010364533
0.9283304080367089
0.9257541179656983
0.927594105899334
0.9315369412302971
0.9269189953804016
0.9281355634331703
0.9301249369978905
0.9257213652133942
0.9254521772265434
0.9272364109754563
0.9274273097515107
0.926130636036396
run 4
model 0
0.8502751648426056
0.8606869354844093
0.867573755979538
0.878225676715374
0.8647867113351821
0.8818408906459808
0.8842838153243064
0.883007176220417
0.8806855246424675
0.8813930466771126
0.8856346383690834
0.8869261935353279
0.8856131464242936
0.8839246675372123
0.877632112801075
0.889829121530056
0.8830230817198753
0.8811803251504898
0.8823141694068909
0.8865190386772156
0.8875803247094154
model 1
0.9012433126568794
0.9152027770876885
0.9219369351863861
0.9248125672340393
0.9170359715819358
0.9267489448189735
0.9282539173960686
0.932535269856453
0.9333770722150803
0.9320022329688072
0.9273027956485749
0.9295518383383751
0.9239198237657547
0.9301850125193596
model 2
0.898162592947483
0.9205471187829971
0.9270044907927513
0.9323662653565407
0.9387674644589424
0.9391768977046013
0.9371684551239013
0.9337380990386009
0.9405810952186584
0.9414969488978386
0.9376233577728271
0.9418727442622185
0.9410561576485634
0.9417809039354325
0.9425045773386955
0.9413607433438301
0.941803602874279
0.9437691912055015
0.9427503049373627
0.9445687219500541
0.9469028204679489
0.9451178312301636
0.9449757695198059
0.9415713712573052
0.944411426782608
0.9464491412043572
model 3
0.8880387648940087
0.9101154670119286
0.9242241024971009
0.9274596616625785
0.9333151981234551
0.9337142437696457
0.9355944052338601
0.9382618635892868
0.9405216798186302
0.9407997965812683
0.9418414264917374
0.9402586698532105
0.9417335838079453
0.9430251240730285
0.9432578653097152
0.9415978357195854
0.9407121807336807
0.9448441386222839
0.944740504026413
0.9463362783193588
0.9453321382403373
0.9468549087643623
0.9425978839397431
0.9448051899671555
0.9454303920269013
0.9421603843569756
0.9484620690345764
0.9462356641888618
0.9467859789729118
0.946547619998455
0.9466603145003318
0.9470317587256432
0.947212265431881
0.946716682612896
0.9459223344922065
0.9457700699567795
0.9478925734758377
0.948527044057846
0.9486495718359947
0.9484333410859108
0.9490613549947738
0.9490557432174682
0.9472869828343391
0.9501629188656807
0.9492207124829293
0.949629782140255
0.9466573357582092
0.9475025370717048
0.9483990341424942
0.9461099237203598
0.944999834895134
0.9494820192456246
0.948985306918621
0.9486589804291725
0.9513617008924484
0.9486017525196075
0.948417516052723
0.9478619739413261
0.9489422753453255
0.9494378238916397
0.9475726127624512
0.9517573267221451
0.9475435897707939
0.9509082183241844
0.951559929549694
0.946313139796257
0.9477925226092339
0.9475020110607147
0.9494673684239388
0.9479539811611175
0.9481373354792595
0.947949843108654
0.9508337751030922
0.9497070699930191
0.9468688666820526
0.9495145797729492
0.9450849369168282
0.9482629090547562
0.9516193643212318
0.9502571046352386
0.9506662681698799
0.9502626359462738
0.9524822875857353
0.9518937319517136
0.9512659117579461
0.9484829172492028
0.9483740150928497
0.9491730362176896
0.9510535851120949
0.9496554225683213
0.9521630182862282
0.951025727391243
0.9524310693144799
0.9503251820802688
0.9520227164030075
0.9495358943939209
0.9445825099945069
0.9517417669296264
0.9509215652942657
0.952190400660038
0.9499131619930268
0.9467722252011299
0.951272951066494
0.9422667533159256
0.9499711871147156
0.9520867303013801
0.9506462141871452
0.9498689129948616
0.9526538997888565
0.951673936843872
0.9468962222337722
0.949467071890831
0.9484331458806992
0.9488341554999351
run 5
model 0
0.8520574569702148
0.8652410626411438
0.8691250175237656
0.8624199792742729
0.8688262566924095
0.8604597985744477
0.8788198813796043
0.8761328801512718
0.8748599946498871
0.8686228767037392
0.8874980062246323
0.8906218826770782
0.8885816156864166
0.8860218927264214
0.8868573382496834
0.8852535858750343
0.8863748744130134
model 1
0.9047798275947571
0.917127077281475
0.9270586997270585
0.9222557216882705
0.9297528564929962
0.928420490026474
0.9297852516174316
0.9332189321517944
0.9297169372439384
0.9300598666071892
0.9363378986716271
0.9327561616897583
0.9382719755172729
0.933014652132988
0.9327709585428238
0.931896199285984
0.9330622375011444
0.9361282289028168
model 2
0.9026748016476631
0.9263258635997772
0.9318856716156005
0.9366783797740936
0.9407979801297188
0.9385042607784271
0.942909486591816
0.9442881286144257
0.9418165951967239
0.9462527066469193
0.9411209672689438
0.9451854810118675
0.9423267304897308
0.942664635181427
0.948364719748497
0.9461666435003281
0.9434115007519722
0.9477496817708015
0.9436913281679153
0.9458797514438629
model 3
0.8971719697117806
0.9147714897990227
0.9226326838135719
0.929697361588478
0.9302655160427094
0.9325569793581963
0.9373964503407478
0.9380528450012207
0.9372087046504021
0.9406743764877319
0.9410302177071571
0.9429619401693344
0.9413656368851662
0.9416486501693726
0.9426568895578384
0.9421256765723228
0.9418837115168571
0.9455301508307457
0.9416425675153732
0.9395323827862739
0.9451335817575455
0.9458925738930702
0.9424366682767868
0.9432031407952308
0.9440649464726448
0.942828220129013
0.9424641326069831
0.9409965679049492
0.9388211652636528
0.9449347913265228
0.9471238851547241
0.9483147963881493
0.9455715492367744
0.9457155957818031
0.945275790989399
0.9465743437409401
0.9473815843462944
0.9476954594254494
0.9464546322822571
0.9496459707617759
0.9470798522233963
0.9443952515721321
0.9462117582559586
0.948512926697731
0.9472338944673538
0.9498117789626122
0.9483187735080719
0.9471209302544594
0.9475627407431603
0.9480211973190308
0.9468383148312569
0.9467663884162902
0.9441412940621376
0.9500540107488632
0.9482743591070175
0.9495463684201241
0.9498365446925163
0.9490151047706604
0.9497315034270286
0.9511081919074058
0.9481842264533042
0.9509700194001198
0.9505294859409332
0.9495439425110817
0.9514220848679542
0.948915795981884
0.9459831655025482
0.9517421498894691
0.9499422132968902
0.9524082869291306
0.9495399236679077
0.9502191603183746
0.9492451697587967
0.94981919080019
0.9428245157003403
run 6
model 0
0.8556949585676193
0.8561512261629105
0.8617985725402832
0.8691750794649125
0.8729408428072929
0.8820156410336495
0.8738600999116898
0.8859503924846649
0.8859407901763916
0.872161690890789
0.8795686691999436
0.8844235986471176
0.8866674482822419
0.8868652418255806
model 1
0.8913359731435776
0.9044500827789307
0.9189492121338845
0.9121118739247323
0.924465212225914
0.9254885226488113
0.9230190262198448
0.926691010594368
0.9272206649184227
0.9294479995965957
0.9234427988529206
0.9327438116073609
0.9312219440937042
0.9302063062787056
0.9347940757870674
0.934409736096859
0.9301533460617065
0.931928750872612
0.9335897788405418
0.9369239538908005
0.9383713766932488
0.9362986594438553
0.9353724375367165
0.9353152260184288
0.9342766135931015
0.9356629386544227
model 2
0.8933595806360245
0.9194141745567321
0.9258287981152534
0.9324501395225525
0.9299668878316879
0.9363508969545364
0.9382273957133294
0.9362833335995674
0.9379330784082412
0.9381030753254891
0.939252944290638
0.940886490046978
0.9366331920027733
0.9399781048297882
0.9411520525813103
0.9371772348880768
0.9349007189273835
0.9415530070662499
0.9454211369156837
0.9428167372941971
0.9402236491441727
0.9426293164491654
0.942697885632515
0.9388371542096138
model 3
0.8885431066155434
0.9073806419968605
0.9131997182965279
0.918900616466999
0.9230342909693718
0.9267378315329552
0.9304831743240356
0.9302218735218049
0.9322893008589744
0.93222074508667
0.9335491776466369
0.9334314987063408
0.9356074571609497
0.9353528097271919
0.9377415329217911
0.9382528275251388
0.9405811920762062
0.9376346156001091
0.9407134518027306
0.9416469886898995
0.9387956023216247
0.9402305513620377
0.9418796345591545
0.9438620567321777
0.9418001919984818
0.9443229034543037
0.9419279515743255
0.9451419577002526
0.9448959171772003
0.9449297115206718
0.9443306282162667
0.9447167247533799
0.9454697221517563
0.9447078078985214
0.9414873048663139
0.940805597603321
0.9455976948142052
0.9451439216732979
0.9416656568646431
0.9456705421209335
0.9410398378968239
0.9430012598633766
0.9481759145855904
0.9431217432022094
0.943503876030445
0.9434143334627152
0.9469131410121918
0.9474446788430214
0.9479479670524598
0.9474200710654259
0.9455049797892571
0.9464847430586815
0.9470170617103577
0.9461732387542725
0.9437217339873314
0.9408218055963516
0.9455331817269326
0.9469369947910309
0.9450475826859475
0.949296198785305
0.9495935127139091
0.9486533030867577
0.9487530305981636
0.9417101636528968
0.9462814539670944
0.9413458958268166
0.9470884099602699
0.9467940986156463
run 7
model 0
0.8411652132868767
0.8644387662410736
0.8540961444377899
0.875404866039753
0.8755726218223572
0.8827099978923798
0.8768875792622566
0.8829488381743431
0.873313096165657
0.8798807188868523
0.8746485576033592
model 1
0.9051485985517502
0.9202520370483398
0.9213031649589538
0.9243566945195199
0.9308313608169556
0.928590027987957
0.9307372227311135
0.9241211622953415
0.9312447220087051
0.9339039117097855
0.929204398393631
0.933561035990715
0.937385194003582
0.930979086458683
0.9367526650428772
0.9343051910400391
0.9369385585188865
0.9377529054880143
0.9377796158194542
0.9365476310253144
0.9321963578462601
0.9342205777764321
0.9305641606450081
0.9322117000818253
model 2
0.8744207367300987
0.8875913321971893
0.9032726526260376
0.9203691571950913
0.9235183969140053
0.9248192265629769
0.9301071122288704
0.926120026409626
0.9334904864430428
0.9345690801739692
0.938964667916298
0.9324295565485954
0.936570680141449
0.9358544543385505
0.9355668067932129
0.9336783826351166
model 3
0.88039171397686
0.9059285253286362
0.9156839519739151
0.9178707957267761
0.9248627632856369
0.9273079290986062
0.9296281993389129
0.9317828118801117
0.9302069619297981
0.9336980193853378
0.9360096305608749
0.9377844676375389
0.9397603586316109
0.9400115340948105
0.939067879319191
0.9401501595973969
0.9424482390284539
0.9413421839475632
0.9388827383518219
0.939168156683445
0.9385696843266487
0.9413828492164612
0.9418893441557884
0.9368517741560936
0.9386777088046074
0.9381526961922646
0.9420589536428452
0.937806649506092
0.9404697373509407
0.9432725459337234
0.9439312383532524
0.9438174024224282
0.94084512591362
0.9422061488032341
0.9440191820263862
0.943704591691494
0.9444456532597542
0.9454518392682075
0.9418790519237519
0.9440734997391701
0.9419276148080826
0.9403180688619613
0.9439698502421379
0.9436460107564926
0.9433445081114769
0.9439063489437103
0.9447189196944237
0.9447673931717873
0.9429674446582794
0.9449689105153084
0.941443943977356
0.945214019715786
0.9453495398163796
0.9411558911204339
0.9450069069862366
0.9432031348347664
0.9445358499884605
0.9430859059095382
0.9448280230164527
0.9405114963650704
0.9446355327963829
0.9443862870335579
0.9449175506830215
0.9458010271191597
0.9424363419413566
0.9444281369447708
0.9449652656912804
0.947065582871437
0.942190645635128
0.9434932127594948
0.9451919257640838
0.9461041077971458
0.9452372431755066
0.9481239676475525
0.9457053482532501
0.9450056955218316
0.9369873538613319
0.9457487106323242
0.9443582683801651
run 8
model 0
0.8456966519355774
0.8592383950948715
0.8652926459908485
0.8661582633852959
0.877873882651329
0.8823569893836976
0.8812180176377297
0.8770424395799636
0.8863710388541222
0.8760237321257591
0.8836431607604027
0.8768475025892257
0.8865743070840836
0.8854893416166305
0.8848416164517403
0.8846406161785125
model 1
0.9083158731460571
0.911943356692791
0.917033152282238
0.9207978844642639
0.929032775759697
0.9288970202207565
0.9309677869081497
0.9309786483645439
0.9286523818969726
0.9325987249612808
model 2
0.9048037022352219
0.9277912572026252
0.9354488104581833
0.9356485083699226
0.9373706728219986
0.943332839012146
0.9427044272422791
0.9401582881808281
0.942453746497631
0.9406339585781097
0.9416461080312729
0.942747463285923
0.9411791041493416
0.945738422870636
0.9468035221099853
0.9464335784316062
0.9423524290323257
0.9484526157379151
0.9425324901938439
0.9453670650720596
0.9468151062726975
0.9491564780473709
0.9471882328391075
model 3
0.8068899258971214
0.8221732005476952
0.8469392761588097
0.8511515378952026
0.8606072798371315
0.8679089039564133
0.8773996278643608
0.8890689313411713
0.9007573261857033
0.9045223236083985
0.906781804561615
0.9097942993044853
0.9158186078071594
0.9173610091209412
0.9171115756034851
0.9201179206371307
0.9203578755259514
0.9193270549178123
0.9256010070443154
0.9228512451052666
0.9281163021922112
0.9239043548703194
0.9260780870914459
0.9270188078284264
0.926495523750782
0.9296003162860871
0.9296486943960189
0.9311649769544601
0.9322409346699715
0.9352764040231705
0.9360502779483795
0.9373361840844154
0.936733315885067
0.9384766042232513
0.9391660571098328
0.9371268361806869
0.9388529911637307
0.9366994500160217
0.9404272675514221
0.9422196328639985
0.9425271272659301
0.9393074169754982
0.9425295263528823
0.9431858137249947
0.9395431354641914
0.9418847888708115
0.9435426324605942
0.9424861937761306
0.9455080911517143
0.9446307361125946
0.9436221659183502
0.9438514307141304
0.9413060069084167
0.9449396476149559
0.9413153111934662
0.9468552276492119
0.944678758084774
0.9466650187969208
0.9481722742319107
0.9452818036079407
0.9464721351861953
0.9459715485572815
0.9463353663682937
0.9432112231850625
0.9421315521001816
0.9464319258928299
0.9412880420684815
0.9444827243685723
0.9476991206407547
0.9470184072852135
0.9454403132200241
0.9484631583094597
0.9462730586528778
0.9467300593852996
0.9471869513392448
0.9490340694785118
0.9451464205980301
0.9445125207304954
0.9462309733033181
0.9469978153705597
0.9467439681291581
0.9457985877990722
0.9460023403167724
0.9465528771281242
0.943198624253273
0.9473193988204003
0.9477498427033424
0.9479061648249626
0.9494115293025971
0.9480886057019233
0.9495553180575371
0.9500918805599212
0.9508428528904915
0.9493480995297432
0.9495176255702973
0.9468618229031562
0.9489507794380188
0.9441194996237755
0.9472350299358367
0.9485706597566604
0.9457214847207069
0.9492994382977485
0.9484544456005096
0.9458110585808754
0.9469554111361503
0.947373679280281
0.9491684094071389
0.9468556299805642
0.949909932911396
0.9490884363651275
0.9468275904655457
0.9516413092613221
0.9494654268026352
0.9444416850805283
0.9475360900163651
0.9446995124220848
0.9490029841661454
run 9
model 0
0.8541380763053894
0.868814018368721
0.8749466121196747
0.8712824404239654
0.8748567149043083
0.8776862934231758
0.8720846563577652
0.879670412838459
0.8807829469442368
0.8841075658798218
0.8837228119373322
0.87659802287817
0.8882090330123902
0.8898395523428917
0.8828215837478638
model 1
0.909757499396801
0.9183116003870964
0.9201585173606872
0.9289044067263603
0.9293891832232475
0.9316007897257805
0.9310435101389885
0.9207951352000237
0.9305733099579812
0.9306346103549004
0.9353053525090218
0.9351071745157242
0.933866086602211
0.9349547877907753
0.9342179611325264
0.9336608856916427
0.9333198428153991
0.9289623156189919
0.9382317692041398
0.9355094134807587
0.9344131201505661
0.9315993875265122
0.9357151255011559
0.9381906256079674
0.9347419515252113
0.9364769235253334
0.93016587048769
0.9356290340423584
0.9346781522035599
model 2
0.878981277346611
0.9007218524813652
0.9112719491124153
0.9147483915090561
0.9168072804808617
0.9202863112092018
0.9269959166646004
0.9232199892401696
0.9255439087748527
0.9306428998708725
0.9339003756642341
0.9315809369087219
0.9344337120652199
0.9328669622540474
0.9379499182105064
0.9385245308279991
0.9358552992343903
0.9348648652434349
0.938326908648014
0.9386438801884651
0.9408206045627594
0.9402524486184121
0.9433677554130554
0.9430540457367897
0.9435339465737342
0.9382450044155121
0.9402723208069801
0.9445129737257958
0.9387619033455848
0.9394801124930382
0.9370023101568222
0.9447956711053849
0.9444607630372047
0.9401488810777664
0.9369628578424454
0.942474690079689
0.9436849638819694
model 3
0.8532608330249787
0.8645282134413719
0.8851487159729003
0.8944554045796395
0.9003107607364654
0.90274368673563
0.9047940701246262
0.9090140864253045
0.912765634059906
0.9160515561699867
0.916406723856926
0.914908267557621
0.9171810820698738
0.9215651392936707
0.9216559812426567
0.9202801644802093
0.9226952776312828
0.9212275817990303
0.9246731847524643
0.9264512166380883
0.9252691820263863
0.9296486854553223
0.9252905130386353
0.9261601865291595
0.9270543590188026
0.9304166629910469
0.9308544948697091
0.9274749875068664
0.9297076895833015
0.9286151543259621
0.9316212818026542
0.9317576989531517
0.932669335603714
0.9308202683925628
0.9317969560623169
0.9338131114840508
0.9300626084208489
0.9343376234173775
0.9327295914292335
0.9353885427117348
0.9354303628206253
0.9337691828608513
0.9352822571992874
0.9350055053830146
0.933146271109581
0.9361502811312675
0.9360873743891716
0.9321547880768776
0.9317665919661522
0.9325273618102073
0.9360006436705589
0.9331611126661301
0.9354639500379562
0.933370803296566
0.9323335364460945
0.9308444708585739
0.934071135520935
0.932672344148159
0.9362959936261177
0.9372610121965408
0.9358979806303978
0.933955529332161
0.9377321675419807
0.9362153768539428
0.9367923200130462
0.9356016620993615
0.9373254686594009
0.9350113958120346
0.9324807554483414
0.9358911067247391
0.9370364442467689
0.9348821669816971
0.9376053974032402
0.9338561698794365
0.9363916486501693
0.9365395203232765
0.9332164585590362
0.9344147890806198
0.9336820170283318
0.9323637813329697
