run 0
model 0
0.9249627783894538
0.9253689870238304
0.9395668163895607
0.9355721682310104
0.9368296533823013
0.9426925167441368
0.9419097021222115
0.9440005734562874
0.9453671455383301
0.9446671888232231
0.9438971623778343
0.9406109303236008
0.9441125199198723
0.9495127141475678
0.940678884088993
0.9373744994401931
0.9409804150462151
0.9437487095594406
0.9431508332490921
model 1
0.9195799365639686
0.9353625565767288
0.9356061160564423
0.9401095017790795
0.9413134902715683
0.9410244405269623
0.9453920856118202
0.9488199353218079
0.9479225218296051
0.9495430827140808
0.9456961616873741
0.9477920100092888
0.9452073231339455
0.9449390143156051
0.9488437309861183
0.9477490589022637
0.9411761596798897
0.9489832401275635
0.9534744530916214
0.9502497375011444
0.9497629225254058
0.9479884520173073
0.9520250737667084
0.9487370401620865
0.9521711274981499
0.9467268630862236
0.9523820608854294
0.9514160379767418
0.9513004839420318
0.9535506188869476
0.9488979250192642
0.9457114323973655
0.9526265487074852
0.9462588086724282
model 2
0.8754618287086486
0.9116909921169281
0.9238850355148316
0.9304635912179947
0.9381525725126266
0.9344174042344093
0.940843240916729
0.943527863919735
0.9448018327355385
0.9480859100818634
0.948447635769844
0.9492732435464859
0.9479860439896584
0.948784701526165
0.9451017513871193
0.9481007337570191
0.9502443313598633
0.9485773965716362
0.9504675820469857
0.9520057082176209
0.9494487002491951
0.9519928872585297
0.9440776467323303
0.9486593067646026
0.9499348819255828
0.9513396546244621
0.9451705276966095
0.9511491462588311
0.9511794894933701
0.9543845251202583
0.952650149166584
0.9529574319720269
0.9523802250623703
0.9555185124278068
0.9487042590975762
0.9556241855025291
0.9535391733050347
0.9497348010540009
0.9499471962451935
0.9556330114603042
0.9528726860880852
0.9522938892245293
0.9543966069817543
0.9550490275025367
0.9507499501109123
0.9503727376461029
0.9565985575318336
0.9525231301784516
0.9532788544893265
0.9528121098875999
0.9542235419154167
0.9522755607962609
0.9533089816570282
0.9550361767411232
0.9526488214731217
0.9545251294970513
0.9531368717551232
0.9524787947535515
0.9502946928143501
model 3
0.818925142288208
0.8404225677251815
0.8597428053617477
0.8584374830126762
0.873036478459835
0.8763812616467476
0.8736449152231216
0.8747900798916817
0.88291996717453
0.8862305715680122
0.8868758752942085
0.8890146225690841
0.8948663577437401
0.9018062800168991
0.9047026455402374
0.8980513945221901
0.9041386753320694
0.9091419547796249
0.9127338409423829
0.9090076103806496
0.9132124155759811
0.9152104079723358
0.9148026794195175
0.9142557889223099
0.9192215755581856
0.9239126920700074
0.9191786408424377
0.9230020940303802
0.9233947828412056
0.9226899757981301
0.928496403992176
0.9253072753548622
0.923979090154171
0.9184364974498749
0.9303304880857468
0.9241260513663292
0.927273927628994
0.9285692885518074
0.928911842405796
0.9296699017286301
0.9235595360398292
0.9220572158694267
0.9242068618535996
0.9323286667466164
0.9318396881222725
0.9296800047159195
0.9342345327138901
0.9322337582707405
0.930568341910839
0.9275563806295395
0.9318122118711472
0.9331249728798866
0.935555699467659
0.9335952639579773
0.9346803292632103
0.9356028527021408
0.9311078682541847
0.9313036918640136
0.9331681206822395
0.9322028070688247
0.9320819765329361
0.9313791498541832
0.9343622475862503
0.9351993262767792
0.9373790919780731
0.9380950301885604
0.9368598163127899
0.9359793275594711
0.9341169282793998
0.9338554993271828
0.9305037036538124
0.9334176868200302
0.9349021285772323
0.9364590272307396
0.9360467255115509
0.9332064688205719
0.9307142302393914
0.9314405918121338
0.9380989715456962
0.934803856909275
0.9361816987395286
0.9322417825460434
0.9368163734674454
0.9376158222556115
0.9344507649540901
0.9379323855042457
0.9361241012811661
0.9339714199304581
0.9300870716571807
0.9374207049608231
0.9330636024475097
0.9376980438828468
0.9389749228954315
0.9392717987298965
0.937677526473999
0.9367739334702492
0.9393775016069412
0.9399230852723122
0.9352888971567154
0.9417805343866348
0.9382975727319718
0.9311072781682015
0.9346201181411743
0.940056873857975
0.9374474138021469
run 1
model 0
0.9173410132527351
0.9339068502187728
0.9395196869969368
0.9430792197585106
0.9369149222970009
0.9416424006223678
0.9407019197940827
0.9412865534424781
0.9421166345477104
0.9394210994243621
0.9444761663675308
0.9418346464633942
0.9389370262622834
0.9371417567133904
0.9368006393313408
0.9421054154634476
model 1
0.9056605875492096
0.9258364170789719
0.9340001717209816
0.9368928477168084
0.9358674824237824
0.9384750917553901
0.9424728900194168
0.9399169102311135
0.9478649631142616
0.9477333813905716
0.9494500920176506
0.9465326681733132
0.9459146693348884
0.945972065627575
0.9502778798341751
0.9525841236114502
0.950901846587658
0.9532463371753692
0.9531457632780075
0.9465770319104194
0.9533723354339599
0.9482190772891045
0.9510190784931183
0.9488624706864357
0.9524036273360252
0.9519344002008439
0.9536287158727645
0.9509889960289002
0.9513567477464676
0.9472177609801292
0.9470913454890251
0.9532675862312316
0.9504275262355805
0.9521381124854088
0.9441037192940712
0.9417169511318206
0.9483295291662216
model 2
0.9163632154464721
0.9316345199942588
0.9362667992711067
0.9414935737848282
0.9453044921159744
0.9439274966716766
0.9462214425206185
0.9490835905075073
0.9479924842715264
0.946310642361641
0.9470937862992287
0.9503212556242943
0.9488888949155807
0.951905895769596
0.952857518196106
0.9488814786076546
0.9494455695152283
0.9554962635040283
0.9485098868608475
0.955119563639164
0.9474124997854233
0.9551034927368164
0.9542055636644363
0.953986357152462
0.9513844281435013
0.9534091114997864
0.9538106590509414
0.9554254591464997
0.9547070443630219
0.951211029291153
0.9547793969511986
0.9527432769536972
0.9566559508442879
0.9540667593479156
0.9546852096915245
0.9541373908519745
0.9563375443220139
0.9546186968684196
0.9561337947845459
0.9562406241893768
0.9551511466503143
0.9556673511862754
0.9489862263202667
0.9562549293041229
0.955559104681015
0.9519741192460061
0.9525799751281738
0.9540793195366859
0.9545575961470604
model 3
0.7770248115062713
0.8666302487254143
0.8908687233924866
0.9038371294736862
0.9115782216191292
0.9128364473581314
0.9147345215082169
0.9144894495606423
0.9189993217587471
0.9235220298171043
0.9294939264655113
0.9268041402101517
0.9358369439840317
0.9350522950291633
0.9407174617052079
0.9384977281093597
0.9454486727714538
0.9428943172097206
0.948463998734951
0.9424021795392037
0.9473948493599892
0.9514292359352112
0.9527916252613068
0.9471665099263191
0.9509781256318093
0.952800789475441
0.9496544644236564
0.9475854456424713
0.9533639505505562
0.9528933092951775
0.9514551639556885
0.954871167242527
0.9530514270067215
0.9516484633088111
0.9534818515181541
0.9501017734408379
0.9542730301618576
0.9536710619926453
0.9525726839900017
0.9530477657914161
0.9513250067830086
0.9539009556174278
0.950362104177475
0.9523337662220002
0.9520147338509559
0.9534829765558243
0.9508770272135735
0.9529928684234619
0.9513300076127053
0.9525111883878707
0.9487207978963852
0.9510382369160653
0.9530592828989028
0.9499948620796204
0.9506725832819939
0.9515916958451272
0.9504421889781952
0.948756754398346
0.9483744442462921
0.9503044784069061
0.9523609220981598
0.9551617339253425
0.9494553580880165
0.9518690228462219
0.9525135919451714
0.955537573993206
0.9539831936359405
0.9537546977400779
0.9511037245392799
0.9541717603802681
0.9521025970578194
0.9496987223625183
0.9514390856027604
0.9516162157058716
0.9530239969491958
0.9558364808559418
0.9539901122450829
0.9510621353983879
0.9529389724135399
0.9555260956287384
0.9546438425779342
0.9570772022008895
0.9526354417204856
0.9548097431659699
0.9523049309849739
0.9550036042928696
0.9540903508663178
0.953524287045002
0.9563600227236748
0.9545247480273247
0.9551630571484566
0.951882728934288
0.9513173669576644
0.9505105718970299
0.9543475896120072
0.9539515569806098
0.9555223464965821
0.9532116666436196
0.9548563614487648
0.9549744680523873
0.9550653979182243
0.9556211620569229
0.9545165300369263
0.9554535865783691
0.953556178510189
0.9559277996420861
0.953139016032219
0.9546919211745262
0.9527744844555854
0.9486321911215783
0.9547093644738197
0.9545018374919891
0.9535350978374482
0.9524015873670578
0.951724398136139
0.9551522955298424
0.954053221642971
0.9538413047790527
0.9545537814497947
0.952857717871666
0.9557908907532692
0.9512848287820816
0.9565618887543679
0.954217703640461
0.9508272960782052
0.951214325428009
0.953935818374157
0.9552193507552147
0.9558195292949676
0.9539656475186348
0.9514969572424888
0.9546780779957771
0.9568672478199005
0.9533129036426544
0.9543150275945663
0.95354925096035
0.955971147119999
0.9561556056141853
0.9563720479607583
0.9535038098692894
0.9530724748969078
0.954211351275444
0.9547179028391838
run 2
model 0
0.9216701418161393
0.9361929833889008
0.9446734681725502
0.9436002418398857
0.9401311740279198
0.9439007177948951
0.9368409484624862
0.9351834297180176
0.9458845734596253
0.9378115728497505
0.9417017340660095
0.9404253795742988
0.9400786980986595
0.9391742378473282
0.942538371682167
0.9406448796391487
0.939173373579979
0.9399147048592568
model 1
0.9082557365298272
0.9234247907996178
0.931367589533329
0.9396425515413285
0.9391704216599465
0.9371493205428123
0.940501506626606
0.9432412624359131
0.9424261465668679
0.9467038005590439
0.9453686118125916
0.944840906560421
0.9449838176369667
0.9492100223898887
0.9444239899516106
0.9433586314320564
0.9464419946074486
0.9440300896763801
0.9440469041466713
0.9477626100182533
0.9482200503349304
0.9480646014213562
0.9417017087340355
0.9460908591747283
0.9476397186517715
0.9456073209643364
0.9445958361029625
0.9475418016314506
0.9490871205925941
0.9414430484175682
0.9479295328259468
0.9472290605306626
0.944149848818779
0.9471718385815621
0.9466785565018654
0.9477008298039437
model 2
0.8995684072375297
0.926545561850071
0.9312802642583847
0.9322481587529182
0.939991569519043
0.9418999403715134
0.944801788032055
0.9398995950818062
0.9454692125320434
0.9462129265069962
0.9447496399283409
0.9460987523198128
0.9483049854636192
0.9462460666894913
0.9456839174032211
0.9467862904071808
0.946007926762104
0.9456297039985657
0.9474049538373948
0.9466457307338715
0.948145654797554
0.9480315327644349
0.9489038109779357
0.9438588187098503
0.9467212900519371
0.946993562579155
0.948773318529129
0.9415590658783912
0.9474356070160865
0.9502961575984955
0.9507247164845467
0.949913777410984
0.9470402434468269
0.9496919453144074
0.9446935802698135
0.9489445760846138
0.9514631554484367
0.9454964742064476
0.9513913556933403
0.94802226126194
0.9504449725151062
0.9442531436681747
0.9480702608823777
0.9503556877374649
0.9463234469294548
0.9515933081507683
0.9477016448974609
0.9488786235451698
0.9490334287285804
0.9488620579242706
0.945890536904335
model 3
0.8978720903396606
0.9182319730520249
0.9280792355537415
0.9314297571778297
0.9339209496974945
0.9358007460832596
0.9376474902033806
0.9403196215629578
0.9392998948693275
0.939153827726841
0.9407505318522453
0.9419218078255653
0.941771999001503
0.9451419621706009
0.9438929080963134
0.945720599591732
0.9434642970561982
0.9435534566640854
0.9461575627326966
0.9428226992487907
0.9459803953766823
0.944931085407734
0.9427048921585083
0.9451969131827355
0.9478701591491699
0.9477964520454407
0.9479260921478272
0.9427607044577598
0.9460307046771049
0.9451496616005898
0.9472246289253234
0.9431112036108971
0.9485553711652756
0.9458117097616195
0.942952248454094
0.9472210451960563
0.9425187483429909
0.9480980187654495
0.9454526707530022
0.9454761803150177
0.9475983545184136
0.9490881726145745
0.9459781363606453
0.9492289826273919
0.9468161001801491
0.9463195726275444
0.945307420194149
0.9478662922978401
0.9454360634088517
0.9464243739843369
0.9472632735967637
0.9413418442010879
0.944532522559166
0.9486912116408348
0.9474525585770607
0.9471982330083847
0.9478780955076218
0.9454692736268043
0.9446986302733421
0.9480964824557304
0.946145236492157
0.9457822412252426
0.9477249190211297
0.9461000695824623
0.9471310198307037
0.9476080566644669
0.9473262578248978
0.947526803612709
0.9489907503128052
0.9470288962125778
0.9465760931372642
0.9460156068205834
0.9495875000953674
0.9493109971284867
0.9491400122642517
0.9485308185219765
0.9478675678372384
0.9428941175341606
0.9491249412298203
0.9475128695368766
0.9467195555567741
0.9462697088718415
0.9493201479315758
0.9459920689463616
0.9482698306441307
0.9488292157649993
0.9463489666581154
0.9482376143336296
0.9469511657953262
0.9475379064679146
0.9456702098250389
run 3
model 0
0.9225189223885536
0.93296649903059
0.9397150531411171
0.9295694172382355
0.9415520504117012
0.9433130338788033
0.9379096284508706
0.9429251551628113
0.9369017660617829
0.9373406901955604
0.9409683957695961
0.9364829644560814
0.9423210799694062
0.939834189414978
0.9382688358426094
0.9420478567481041
0.9408056855201721
0.9387549117207528
model 1
0.9100881040096283
0.9319327965378761
0.9340107992291451
0.9401188537478447
0.9419857904314994
0.9445342555642128
0.9434334203600884
0.9413649499416351
0.945769289135933
0.942201305925846
0.9446456357836723
0.9320428684353829
0.9466181948781014
0.9483886286616325
0.9471685752272606
0.9489874243736267
0.9493317693471909
0.9482597634196281
0.9461155980825424
0.9519987747073173
0.9510575041174889
0.9515493884682655
0.9497055009007453
0.9454355984926224
0.9512885943055153
0.9529069364070892
0.9499681666493416
0.9431417733430862
0.9499963372945786
0.9519091278314591
0.9491022914648056
0.9506873890757561
0.9474383473396302
0.9537303417921066
0.9494391426444053
0.9488016471266747
0.9435434460639953
0.9460494175553322
0.9516618639230728
model 2
0.8805461347103118
0.9215571150183678
0.9324101805686951
0.9332390323281288
0.9374818354845047
0.9417824029922486
0.9397072821855545
0.9377059578895569
0.94852005392313
0.948420786857605
0.9450953513383865
0.9463419958949089
0.9466123163700104
0.9467648968100548
0.9493404611945152
0.9509898230433464
0.9531375989317894
0.9540782406926155
0.9533074915409088
0.9552766144275665
0.9511655360460282
0.9471209168434143
0.9512590259313584
0.948660035431385
0.954367509484291
0.9545328989624977
0.9504000872373581
0.9470708757638931
0.9513037487864494
0.9508702918887139
0.9540503963828086
0.9528414025902748
0.9517143204808235
0.9472475081682206
0.9516802608966828
0.9525538310408592
0.9515297681093215
0.9523673981428147
0.9538331553339958
0.9472944185137748
0.9459746286273003
0.9457609921693801
0.9524337068200112
0.9538221806287766
0.9496227502822876
0.9546092838048935
0.9512141212821007
0.9529098406434059
0.9484442874789238
0.9531906127929688
0.9510348051786423
0.9545025289058685
0.9497409731149673
0.9476634293794632
0.9545032948255538
0.950511334836483
0.9484567597508431
0.9491025477647781
0.9504412904381752
0.9495026215910911
model 3
0.8849713131785393
0.9069773063063622
0.9229871183633804
0.9301277920603752
0.9356804519891739
0.9363418504595756
0.9396192997694015
0.94212526679039
0.9438653215765953
0.9425409883260727
0.9432779446244239
0.9461209908127785
0.944266577064991
0.9460950389504432
0.9478257223963737
0.9472128927707673
0.9447285071015358
0.9459361076354981
0.9464073345065117
0.9470371454954147
0.9441568821668624
0.9467119961977005
0.944629767537117
0.9473639547824859
0.9469799533486366
0.9476610630750656
0.9490441024303437
0.9497177928686142
0.9484316438436509
0.9492753252387047
0.9498562231659889
0.949537105858326
0.9470667362213134
0.9473552450537681
0.9478451028466225
0.9478417307138443
0.9509507417678833
0.9506776124238968
0.9468425810337067
0.9489593833684922
0.9511297881603241
0.9498686388134956
0.9471294194459915
0.950673745572567
0.9519190117716789
0.947991493344307
0.9502598911523819
0.9490579307079315
0.9514408588409424
0.947293384373188
0.9519894018769264
0.9517588838934898
0.9501125648617744
0.9517369017004966
0.9504285633563996
0.9507950320839882
0.9514656394720078
0.9512284994125366
0.9533605873584747
0.9522492811083794
0.9512118488550186
0.9496467679738998
0.9511131942272186
0.9500434771180153
0.948108546435833
0.9479379549622535
0.9496207818388939
0.9526447758078576
0.952129440009594
0.9519057795405388
0.9491964116692543
0.9523457765579224
0.9497551128268242
0.9511050328612327
0.9512393042445183
0.952588027715683
0.9534033939242363
0.9506119593977929
0.9491053238511086
0.9496151372790337
0.9499836355447769
0.9513710364699364
0.9508270651102066
0.948747242987156
0.9487463429570198
0.947173373401165
0.9469085335731506
run 4
model 0
0.9219068259000778
0.9283236801624298
0.9391075551509858
0.9406044855713844
0.9403330489993096
0.9435314744710922
0.9394326776266098
0.9422646805644035
0.9422536581754685
0.9418332278728485
0.9489854753017426
0.9398245647549629
0.9388272270560265
0.9350333854556083
0.9379033982753754
0.942623944580555
model 1
0.9092467486858368
0.9249892219901085
0.934894697368145
0.9375576063990593
0.9390212699770928
0.9421181231737137
0.9440889224410057
0.9465947806835174
0.9407988548278808
0.9446122795343399
0.9476819574832916
0.9480267122387886
0.9444957345724105
0.950622832775116
0.9511290118098259
0.9470825016498565
0.9486942172050477
0.9356621310114861
0.944292713701725
0.9473467454314232
0.9474636986851692
0.9505063444375992
0.9514484211802483
0.9512094974517822
0.9454054102301598
0.9483806997537613
0.9512875556945801
0.9521080926060677
0.9514837488532066
0.9495928317308426
0.9472237542271614
0.9485907688736915
0.945483285188675
model 2
0.9063221290707588
0.9230361238121987
0.931306678056717
0.936501856148243
0.938186964392662
0.9438103631138801
0.943819323182106
0.9439382672309875
0.9459880143404007
0.9431274592876434
0.9489458262920379
0.9471326187252999
0.9475460097193718
0.9504889845848083
0.9469142124056816
0.9509542301297188
0.9514961048960686
0.9496876448392868
0.9499859854578971
0.9469938695430755
0.949290058016777
0.9511352211236954
0.9522657081484794
0.9548628330230713
0.9515131384134292
0.9529643177986145
0.9538759812712669
0.9542120829224586
0.9517582222819329
0.9537258490920066
0.9476383447647094
0.9543225422501564
0.9542953282594681
0.9531124562025071
0.9553513690829277
0.9559064894914627
0.9499386191368103
0.954101313650608
0.9559241890907287
0.9535798251628875
0.9520001158118248
0.9538719952106476
0.9549827456474305
0.9491400852799415
0.9504041552543641
0.956371209025383
0.9519332841038703
0.9533706545829773
0.953525847196579
0.9508925467729569
0.9517761275172234
model 3
0.8458703249692917
0.8723519697785378
0.8934215381741524
0.9030718505382538
0.9091736018657685
0.9212375178933143
0.924349719285965
0.9287237703800202
0.9308597475290299
0.9379716098308564
0.9366978377103805
0.9329253032803535
0.9365436553955078
0.9413643583655358
0.9431850492954255
0.9421657800674439
0.9407950162887573
0.9429502338171005
0.9417568430304527
0.9458596229553222
0.9473139926791191
0.94673852622509
0.9487712815403938
0.9494565978646279
0.9454850807785988
0.9455274254083633
0.9451814249157906
0.9454795911908149
0.9478531941771507
0.9494272232055664
0.9494450598955154
0.946470707654953
0.9481952637434006
0.9462753459811211
0.9489107325673103
0.9496550619602203
0.9499946177005768
0.9496923744678497
0.9458742290735245
0.9487857639789581
0.9507880419492721
0.9485009506344795
0.9520557373762131
0.9506324753165245
0.949665479362011
0.9496012419462204
0.9504637315869331
0.9474442586302757
0.95016657859087
0.9494648590683937
0.9512486651539802
0.9503619611263275
0.9518510207533837
0.9449858427047729
0.950466787815094
0.9515617191791534
0.9501895070075989
0.9505624145269393
0.9495441302657127
0.9502803698182106
0.9496189162135125
0.9510798633098603
0.9523990213871002
0.9528509363532066
0.949595431983471
0.9505846112966537
0.9479248851537705
0.9522647827863693
0.952483069896698
0.9523240849375725
0.9531461581587791
0.9538130223751068
0.9539443135261536
0.9544786974787712
0.9498018801212311
0.9501520827412605
0.9513217762112618
0.9495438009500503
0.9524949014186859
0.945884570479393
0.9516881063580513
0.944626784324646
0.9447880566120148
0.9504432752728462
0.9513992160558701
0.9511935785412788
0.9526971444487572
0.9536052003502846
0.9492330774664879
0.9517121151089668
0.9483496814966201
0.9516435712575912
0.9475198522210121
run 5
model 0
0.9268791645765304
0.9402391165494919
0.9318452835083008
0.9413642555475235
0.9433303460478782
0.9450891673564911
0.9439381912350655
0.9450763374567032
0.9409410759806633
0.9389512166380882
0.942357711493969
0.9363456517457962
0.9392778560519218
0.9394703939557075
0.934107780456543
0.9377867162227631
model 1
0.9066610142588616
0.9211818084120751
0.9317394644021988
0.9379625216126442
0.9402267545461654
0.9442432597279549
0.9460307031869888
0.9389944344758987
0.949153445661068
0.9500465169548988
0.9460186496376991
0.9437026128172874
0.9458764895796776
0.9492971554398537
0.9484764009714126
0.9468473926186561
0.9403506398200989
0.9451757147908211
0.9486150562763214
0.9470387935638428
0.9465431585907936
0.9492289468646049
0.9471415832638741
0.948163491487503
0.9509239181876182
0.9515709057450294
0.9502176269888878
0.9444892629981041
0.9482371881604195
0.9469120085239411
0.9472729340195656
0.9472788453102112
model 2
0.8547610372304917
0.8790383175015449
0.8928350016474724
0.8950424820184708
0.9035369411110878
0.9066531583666801
0.9170575067400932
0.9186900436878205
0.9156293794512749
0.9226714506745338
0.9258553192019463
0.9282338798046113
0.9311269164085388
0.9319567888975143
0.9352579280734062
0.9335033982992172
0.9356077000498771
0.9359228938817978
0.9319119080901146
0.9362746462225914
0.9384104818105697
0.9373537644743919
0.9374810710549355
0.9374055877327919
0.939825889468193
0.9389313489198685
0.9409282073378563
0.9290908440947533
0.9410298377275467
0.9410880252718925
0.936531101167202
0.9435243874788284
0.9402076482772828
0.9333580657839775
0.9370337679982186
0.9426671892404557
0.9390589252114296
0.940875805914402
0.9386685863137245
0.9409074231982231
0.9446238338947296
0.9356440886855125
0.938669054210186
0.9464617535471916
0.9402148470282554
0.9465601608157158
0.9418401777744293
0.9457837238907814
0.9356660127639771
0.9430365726351738
0.9360348537564278
0.9423096626996994
0.9387641921639442
model 3
0.8283627957105637
0.8457237720489502
0.8616026282310486
0.876418137550354
0.8952556073665618
0.9066535532474518
0.9163015902042388
0.9154227480292321
0.917548842728138
0.9217374697327614
0.9259187534451485
0.9305332347750663
0.9329016998410224
0.9283553183078765
0.9253599375486374
0.932477493584156
0.9310361370444298
0.9340593829751015
0.9372222721576691
0.9348226502537728
0.934092290699482
0.9339055582880974
0.9395155370235443
0.9343589827418327
0.9384643048048019
0.9378715425729751
0.9363188043236732
0.9358597561717034
0.9370013386011123
0.9406801879405975
0.9364820510149002
0.9396055221557618
0.9370586976408959
0.938443872332573
0.9399823233485222
0.9391846120357513
0.9366062387824059
0.941963928937912
0.942762815952301
0.9409890383481979
0.9415815591812133
0.943111489713192
0.9394553795456886
0.9430318802595139
0.9421282157301902
0.9402496382594109
0.9438242003321647
0.9434524059295655
0.9441684633493423
0.9451993927359581
0.944635596871376
0.9436426818370819
0.9472466796636582
0.940261997282505
0.946115405857563
0.9434309810400009
0.9437176749110222
0.9413883477449417
0.9432537987828254
0.9418068557977677
0.9447252139449119
0.947031369805336
0.9434842929244042
0.9447087943553925
0.9451546400785447
0.9439605072140693
0.9461712628602982
0.9442378014326096
0.9449652642011642
0.9467017874121666
0.9421693682670593
0.9447018161416054
0.9450941920280457
0.9458352342247963
0.9442403823137283
0.9454010844230651
0.947921721637249
0.9455037608742713
0.9403221607208252
0.9477266773581505
0.9449338898062706
0.9459863424301147
0.9490243047475815
0.9435343533754349
0.9441092386841774
0.9462353199720382
0.9447400793433189
0.9476425737142563
0.9469994843006134
0.9488043159246444
0.9461249232292175
0.9493174090981483
0.946191081404686
0.9452265217900276
0.9462241813540458
0.9472669497132301
0.9497484311461448
0.9470493540167808
0.9485996693372727
0.9463834315538406
0.9430618613958359
0.941355362534523
run 6
model 0
0.9249438688158989
0.930974817276001
0.9363599106669426
0.9380028694868088
0.9395851522684098
0.9446785673499107
0.9402217462658882
0.9368581011891365
0.9381888911128045
0.9426637068390846
0.9373272329568862
0.9391320437192917
0.9419983074069023
0.935893289744854
0.9378783389925957
model 1
0.9153520226478576
0.9275580823421479
0.936342990398407
0.9389772295951844
0.9392547175288201
0.9425756379961967
0.9423366263508797
0.942753754556179
0.9480482116341591
0.9427746459841728
0.942981767654419
0.947421146929264
0.9495542034506798
0.950559489428997
0.9471288770437241
0.9475728467106819
0.9460726842284203
0.9509137779474258
0.9495571255683899
0.9471995964646339
0.9505441948771477
0.94730876237154
0.9499212205410004
0.9472115695476532
0.9499749183654785
0.9482588723301888
0.9519667088985443
0.9517646089196206
0.9516940787434578
0.9490713730454445
0.9489210262894631
0.9467227920889855
model 2
0.8873804464936257
0.9180461719632149
0.9253403574228287
0.9324855282902718
0.9410036861896515
0.937695001065731
0.940369400382042
0.9426097244024276
0.9423867732286453
0.9468891367316246
0.942683532834053
0.9437480688095092
0.9458118587732315
0.9419963076710701
0.9473625600337983
0.9445400655269622
0.9495785132050514
0.9494925200939178
0.9471428588032722
0.948951032757759
0.9492452904582024
0.9430600002408027
0.9479608550667763
0.9503102451562881
0.9468470022082329
0.9491391167044639
0.9482705309987068
0.9487485468387604
0.9478935986757279
0.9465365916490555
0.9513894945383072
0.9498860657215118
0.9525901854038239
0.947317224740982
0.9515256151556969
0.9493914306163788
0.9522173285484314
0.9501625806093216
0.9497234851121903
0.9506624668836594
0.950220488011837
0.9511508718132973
0.9504795372486115
0.94976407289505
0.9488787144422531
0.9498982101678848
0.9466990321874619
0.9502792730927467
0.9522205293178558
0.9485756993293762
0.9522247418761254
0.9531555235385895
0.9492490112781524
0.9487430095672608
0.9497697427868843
0.9526433676481247
0.9474645584821701
0.9505324706435203
0.9491781696677208
0.9517896980047226
0.9510662764310837
model 3
0.4884541094303131
0.8207189783453941
0.8649147763848305
0.873053340613842
0.8766867756843567
0.8828617081046104
0.8929166778922081
0.9008207142353057
0.9072132676839828
0.9207506999373436
0.9188599899411202
0.9283449143171311
0.9316174626350403
0.9319352298974991
0.9309679165482521
0.9382912203669548
0.9360433459281922
0.9416180953383446
0.9377544745802879
0.9342943981289864
0.9412031441926956
0.9421273365616798
0.942235991358757
0.9413819342851639
0.9411929905414581
0.9428252562880516
0.9393591076135636
0.9423864290118218
0.9420433223247529
0.9439389795064926
0.9445361599326134
0.9424207717180252
0.946310892701149
0.9447963878512382
0.9440236657857894
0.9475436806678772
0.9492045238614082
0.9457172900438309
0.9423266217112541
0.9486866384744644
0.947039557993412
0.9471449077129364
0.9458364263176918
0.9487038061022759
0.9466472893953324
0.9439826771616936
0.9477387875318527
0.949041710793972
0.9469217896461487
0.9489865437150001
0.942626579105854
0.949894155561924
0.949777215719223
0.9495884060859681
0.9497714921832084
0.9464452207088471
0.9452644780278205
0.945967061817646
0.9464086413383483
0.9447107583284378
0.9502007320523262
0.9467858150601387
0.9496576249599457
0.9476905629038811
0.9489860713481904
0.9521266981959343
0.9526163369417191
0.9491714760661125
0.9496280968189239
0.9478849053382874
0.94924997985363
0.9513580992817878
0.9507392823696137
0.9492791011929512
0.9481900647282601
0.9480509698390961
0.9505187168717384
0.9483571231365204
0.9493625715374947
0.9469231501221657
0.9465756565332413
0.9449432790279388
0.9457928895950317
0.9467866361141205
0.9519048154354095
0.9505690604448318
0.9495478510856629
0.9500716716051102
0.9472228124737739
0.9495028525590896
0.9488573044538497
0.9502457067370415
0.9460044711828232
0.9489716112613678
0.949860206246376
0.9475401133298874
0.9489562019705773
0.9484530910849571
0.9510699704289436
0.9470548301935195
0.941397738456726
0.9498511612415313
0.9509740814566612
0.945016910135746
0.9503584921360015
0.9489092588424682
0.9520752474665641
0.9510268524289132
0.948234674334526
0.9474968880414962
0.9504787802696228
0.9475234299898148
run 7
model 0
0.9236991912126541
0.9292032226920128
0.9293499127030372
0.9413198336958886
0.930822242796421
0.941737613081932
0.9397221788764
0.9420544847846031
0.943675984442234
0.9426938310265541
0.9414527013897895
0.9376567170023918
0.9391998231410981
0.9420219078660012
0.9405042976140976
model 1
0.9143613323569297
0.9303761392831802
0.9375085726380348
0.9391822874546051
0.9414200201630593
0.9411945432424546
0.9467573434114456
0.9439120948314667
0.9433914721012115
0.9464967593550682
0.9478885427117347
0.9483556106686593
0.9489972725510597
0.9492568477988244
0.9498138219118119
0.9511844053864479
0.9470817744731903
0.9503418907523156
0.9509260430932045
0.9460234612226486
0.9489131331443786
0.9437872052192688
0.9485942244529724
0.9451438084244728
0.9527817249298096
0.9507526963949203
0.9498004823923111
0.9519520580768586
0.9459291979670524
0.9458602532744408
0.9473154917359352
0.9476893067359924
0.9526039972901345
0.9489855855703354
0.9500005364418029
0.9467205047607422
0.9472597718238831
0.9501279532909394
model 2
0.8293801888823509
0.8587489694356918
0.866370040178299
0.8975738883018494
0.9056784674525261
0.9175073117017746
0.9266604617238045
0.9336310878396035
0.9337949693202973
0.9386379897594452
0.9437215596437454
0.9434529900550842
0.9436514690518379
0.94380002617836
0.9460203394293785
0.9483859688043594
0.9422668546438218
0.950430591404438
0.9507946953177452
0.9489271014928817
0.9516023516654968
0.947156286239624
0.9497057989239692
0.950424139201641
0.9490125119686127
0.9512649774551392
0.9518754869699478
0.9514274075627327
0.9533867403864861
0.9540873304009437
0.9510649636387825
0.952924482524395
0.9545438542962075
0.9477693989872933
0.9541149616241456
0.9557572692632675
0.9533439353108406
0.9523383975028992
0.9545668840408326
0.9554784893989563
0.9508021786808968
0.9507395341992378
0.9534330233931542
0.9543749332427979
0.9517611727118492
0.9507485300302505
0.9543270498514176
0.9559464648365974
0.951282662153244
0.9541024461388588
0.9508791968226433
0.9545438274741173
0.9478961125016212
0.9524036899209023
0.9533590376377106
0.9519573166966439
0.9511798322200775
model 3
0.8467391654849052
0.8522760301828385
0.8511827275156975
0.8629355326294899
0.8744638830423355
0.8808543056249618
0.8820459797978402
0.8834704726934433
0.8833487465977669
0.8896829843521118
0.8980498656630516
0.8977661520242691
0.905071160197258
0.8985387310385704
0.9118539720773697
0.904381774365902
0.9100523829460144
0.9125276878476143
0.9138391971588135
0.9185964912176132
0.9211378753185272
0.9203504204750061
0.9221003517508507
0.9189312636852265
0.9165746614336967
0.9196550980210304
0.9216140270233154
0.9204702973365784
0.9249019652605057
0.9233497992157936
0.9255572110414505
0.9246562421321869
0.9233533814549446
0.9259734347462654
0.9264602348208427
0.9280086174607277
0.9276517689228058
0.9264004036784173
0.927581861615181
0.9308799713850021
0.9261076062917709
0.929219251871109
0.928830373287201
0.9275625392794609
0.9289539873600006
0.9294127359986305
0.9292206659913063
0.9277213871479034
0.9314587980508804
0.9322403654456138
0.92733004540205
0.9336548924446106
0.9309859126806259
0.9326107680797577
0.9334909677505493
0.929940378665924
0.9341185510158538
0.9324818894267082
0.9343006893992424
0.9301038235425949
0.9323972120881081
0.9315262094140053
0.9350303426384926
0.9349469304084778
0.9340790390968323
0.9373464390635491
0.9369809418916702
0.9344337657094002
0.9378452926874161
0.9352702230215073
0.9372293964028359
0.9329989448189735
0.9346450492739677
0.9393165573477745
0.9386388137936592
0.9295633509755135
0.9359713241457939
0.9380769029259681
0.9365172773599625
0.9343039557337761
0.9324945151805878
0.9406787097454071
0.9398590475320816
0.9390679910779
0.9360428631305695
0.9395534098148346
0.9396955400705338
0.942083665728569
0.9412499666213989
0.9379493981599808
0.9398766845464707
0.9405741468071938
0.9384466916322708
0.9410063058137894
0.9393201693892479
0.9413010403513908
0.9420496553182602
0.9422637090086937
0.9397143885493279
0.9427885800600052
0.940370486676693
0.93999542593956
0.9427312850952149
0.9410342678427697
0.9443407550454139
0.94292983263731
0.9390661507844925
0.9404865667223931
0.9427649140357971
0.9411914885044098
0.943585553765297
0.940456435084343
0.9429464250802994
0.943056870996952
0.9450088143348694
0.9451604306697845
0.9412908479571342
0.9435551553964615
0.9425761952996254
0.9435959309339523
run 8
model 0
0.9066947683691978
0.9331427901983261
0.9337569653987885
0.9382502228021622
0.9408076837658882
0.9393293127417565
0.9376244753599167
0.9408355236053467
0.943306316435337
0.9434970319271088
0.9372865781188011
0.941827455163002
0.937712237238884
0.9368744656443596
0.9402178630232811
model 1
0.9116170480847359
0.9257046833634377
0.9311438068747521
0.9325972482562065
0.9369915172457695
0.9444676280021668
0.9428800359368325
0.9436116397380829
0.9444864153861999
0.9453307151794433
0.9455705463886261
0.9468190595507622
0.9502661436796188
0.9460760474205017
0.9495857194066047
0.9494393229484558
0.9493034452199935
0.945955504477024
0.9476805195212364
0.9472461253404617
0.9491306185722351
0.9483558103442192
0.9511840134859085
0.9469892293214798
0.9509253203868866
0.9483327299356461
0.9518568903207779
0.9465062215924263
0.9523902609944344
0.9498861581087112
0.9487449958920479
0.950036458671093
0.9484744638204574
0.948521900177002
model 2
0.9081825017929077
0.9285736069083214
0.9371672913432121
0.9372123405337334
0.9413304850459099
0.9407790780067444
0.9375000268220901
0.9460352480411529
0.9473311111330986
0.9463644817471504
0.9459313899278641
0.9482871562242507
0.9479543626308441
0.9484090507030487
0.9496208190917969
0.9493310302495956
0.9518719151616096
0.9491725772619247
0.9463075116276741
0.9493784800171852
0.9498835235834122
0.9493053317070007
0.9471829295158386
0.9524271428585053
0.9519940540194511
0.9509959369897842
0.9536267861723899
0.9515106096863747
0.9483389109373093
0.9517777025699615
0.9505515038967133
0.9458433821797371
0.9527496546506882
0.9446488186717034
0.9505737766623497
0.9490043148398399
0.9516577541828155
0.9508991152048111
0.9507542684674263
0.9518081098794937
0.9475048080086708
0.9499915838241577
0.9528081476688385
0.952352324128151
0.9505478769540787
0.9497558668255806
0.9537362948060035
0.954652550816536
0.9523933097720146
0.9518573373556137
0.9496838748455048
0.9465988427400589
0.9511808097362519
model 3
0.8538653254508972
0.864033791422844
0.8737908244132996
0.8850082442164421
0.8900224640965462
0.898806856572628
0.8961627259850502
0.8932029768824578
0.8990884140133858
0.9078833669424057
0.9106798261404038
0.9104025557637214
0.9136126413941383
0.9112870961427688
0.915862150490284
0.9197261571884155
0.9203853249549866
0.9194720163941383
0.9224560767412185
0.9219475671648979
0.9255941569805145
0.923435240983963
0.9290269136428833
0.9266741409897804
0.9278029963374138
0.9286554783582688
0.9313225209712982
0.9285172611474991
0.9338398709893226
0.9218113571405411
0.9238032981753349
0.931536914408207
0.9317940324544907
0.9344387143850327
0.9360608786344529
0.9296649187803269
0.9306527614593506
0.9356517598032952
0.93610220849514
0.9341084524989128
0.940139676630497
0.9317334279417991
0.9384630128741265
0.9376945257186889
0.9284747764468193
0.9372049748897553
0.9352716997265815
0.9357073500752449
0.9330708116292954
0.9321127027273178
0.9380989104509354
0.9390169680118561
0.9328248351812363
0.9368159338831902
0.9390233978629112
0.9300284028053284
0.9416440531611443
0.9397656440734863
0.9389230027794838
0.932889162003994
0.9365477457642555
0.9407139867544174
0.9394278168678284
0.9361218348145485
0.9419098556041717
0.9302452594041825
0.9390011876821518
0.9429449930787086
0.9400659143924713
0.9412015721201896
0.9390199825167656
0.9403474166989326
0.9430950716137886
0.9409466326236725
0.9385564237833023
0.9398844867944718
0.9386721312999725
0.9423207715153694
0.9398280173540116
0.9447824239730835
0.9451417565345764
0.9427620351314545
0.9432785212993622
0.9419693663716316
0.9419788300991059
0.9432867750525474
run 9
model 0
0.9223439142107963
0.9347782582044601
0.9377128258347511
0.9384593278169632
0.9405860438942909
0.9407000616192818
0.9413433954119682
0.9352713897824287
0.9439533770084381
0.9468078330159188
0.9426624327898026
0.9432341977953911
0.9420415610074997
0.9400189548730851
0.9398018345236778
0.9396887317299842
0.9410016864538193
model 1
0.9063480645418167
0.9245423793792724
0.9363346993923187
0.9415937885642052
0.9411512166261673
0.9444402202963829
0.9455593883991241
0.9481883913278579
0.9484519466757775
0.9483299225568771
0.9487770333886146
0.9497756615281105
0.9480537682771683
0.9506939813494683
0.9446531653404235
0.9488610938191414
0.9531227976083756
0.9485071152448654
0.9472993731498718
0.9495868444442749
0.9502422288060188
0.9485537901520729
0.9515601053833962
0.9528642505407333
0.9520378410816193
0.9459864988923072
0.9456866472959519
0.949401679635048
0.952239266037941
0.9516270831227303
0.9449268519878388
0.9496711313724517
0.9503794223070144
0.9442835345864296
model 2
0.8609523609280586
0.902503302693367
0.9187930524349213
0.9283762246370315
0.932637619972229
0.9363825038075447
0.9434002116322517
0.9384092539548874
0.9409521222114563
0.9447022125124931
0.9439930394291878
0.9454654395580292
0.9445264860987663
0.949830287694931
0.9480544224381446
0.9486830234527588
0.9473420947790145
0.951198011636734
0.9511473029851913
0.9480880305171013
0.9504436090588569
0.9526441469788551
0.9501301050186157
0.9507448673248291
0.9526445597410202
0.9501883506774902
0.9539417758584022
0.9519780412316322
0.9497702702879905
0.9529526859521866
0.9531202718615532
0.954463392496109
0.9505953028798103
0.9503943517804145
0.950241194665432
0.9560282558202744
0.9539909526705742
0.9544407472014427
0.9522231370210648
0.9540916666388511
0.9537842482328415
0.9524619773030281
0.9537697419524193
0.9539057493209839
0.9524620994925499
0.954029780626297
0.9547977983951569
0.9561225563287735
0.9530989676713943
0.9551606088876724
0.9555571332573891
0.9556367620825768
0.9524073451757431
0.9483544617891312
0.9578098773956298
0.9539629101753235
0.9521792590618133
0.9548788696527482
0.9511777773499489
0.9565780311822891
0.955912108719349
0.9518024325370789
0.9517124876379967
0.954164044559002
0.9495475351810455
model 3
0.8523052603006362
0.8912730693817139
0.9123311787843704
0.9226889967918396
0.9284122034907341
0.9323448866605759
0.9371045604348183
0.9380895420908928
0.9384055867791176
0.9411654114723206
0.9435403600335122
0.9455023229122161
0.9442134603857995
0.9445402145385742
0.9482080772519111
0.9497752994298935
0.9442034840583802
0.9477869048714638
0.9461281478404999
0.9461454570293426
0.9475389897823334
0.9477808505296708
0.9511372864246368
0.946453407406807
0.9479979395866394
0.94926568120718
0.9482058435678482
0.9494783401489257
0.9483515098690987
0.9513727009296418
0.9516351968050003
0.9507313445210457
0.9524613425135613
0.9491760939359665
0.953048825263977
0.9531350627541542
0.9520793095231056
0.9487278297543525
0.9518803238868714
0.9514234095811844
0.9523653358221054
0.9484903752803803
0.950668765604496
0.9543046668171883
0.9527663335204124
0.9513080567121506
0.9479539200663567
0.9508820727467537
0.9542673736810684
0.9525539800524712
0.9513940885663033
0.9515906438231468
0.9492122426629066
0.9503846138715744
0.9524520009756088
0.9523950681090355
0.9512822419404984
0.9490613281726837
0.9502862229943275
0.9548051685094834
0.9523271784186363
0.9503869265317917
0.9528682947158813
0.9513359367847443
0.9490171983838082
0.9498712822794915
0.9483153387904167
0.9517895072698593
0.9557585060596466
0.9526278421282768
0.95575170814991
0.9536492317914963
0.9524356216192246
0.9520291388034821
0.9506358176469802
0.950393208861351
