run 0
model 0
0.9263909846544266
0.9379594996571541
0.9341592818498612
0.9402629867196083
0.9338869050145149
0.93310586810112
0.9366700515151024
0.9344355195760727
0.9361825689673424
0.9357264176011085
0.9349880546331406
0.9321829125285148
0.9317473500967026
0.9305621564388276
model 1
0.9242888420820237
0.9379308670759201
0.9371773898601532
0.9423915609717369
0.9443119943141938
0.9440665289759635
0.9442647784948349
0.9446124255657196
0.9430313035845757
0.9407474279403687
0.943513137102127
0.9427914500236512
0.9437913373112679
0.9445545762777329
0.9415211722254753
0.9417616069316864
0.9455451384186745
0.9416573598980904
0.9426691561937333
0.9457188710570336
0.9427474573254585
0.9431191504001617
model 2
0.910261732339859
0.9231442227959633
0.9298323094844818
0.9382100626826286
0.9416784167289733
0.9387771382927894
0.9414351493120193
0.9445554837584496
0.9439688175916672
0.946747437119484
0.945621944963932
0.9438204348087311
0.9477973699569702
0.9482296973466873
0.9467241778969765
0.9473869517445564
0.9489516764879227
0.9485455006361008
0.9493097856640815
0.9491063848137855
0.947617681324482
0.9470155641436577
0.9473297074437141
0.9480178162455559
0.9487153634428978
0.9491217195987701
0.9484574407339096
0.9474201440811157
0.9469391971826553
0.9475720509886741
0.9470962464809418
0.9484353452920914
0.9477110847830772
0.9469092100858688
0.9470084920525551
0.9485747396945954
0.9475724771618843
0.9472620561718941
0.9463006407022476
0.9468422040343285
0.9465620785951614
model 3
0.8741333335638046
0.8966369599103927
0.91154166162014
0.9185909882187844
0.9224389240145683
0.9214310750365258
0.9271797329187393
0.9281233653426171
0.934546348452568
0.9348161831498146
0.9337033793330193
0.9375479206442833
0.9358185976743698
0.9358955323696136
0.934361307322979
0.9391592845320702
0.9406013295054436
0.9365281194448472
0.9396735742688179
0.9417012199759484
0.9403967514634133
0.9417683735489846
0.9426978930830956
0.9432294845581055
0.9411298200488091
0.9419831663370133
0.9424773037433625
0.9436782345175743
0.9436104208230972
0.9434742882847786
0.9449288979172706
0.9443156734108925
0.9452485576272011
0.9451672226190567
0.944897498190403
0.9450217813253403
0.9436759382486344
0.9454428076744079
0.9461462259292602
0.9440408930182457
0.9458210036158562
0.9442518427968025
0.9443887114524842
0.9448089063167572
0.9453469142317772
0.9447058200836181
0.9455879792571068
0.945445491373539
0.945249219238758
0.946335393190384
0.9455490291118622
0.9459692493081093
0.9457892954349518
0.9453005716204643
0.9469274997711181
0.9463486656546592
0.9467302352190018
0.9477631628513337
0.9454941898584366
0.945959386229515
0.9457064792513847
0.9457425728440285
0.946408087015152
0.9467412769794464
0.9464658454060555
0.9455956012010575
0.9462311714887619
0.9466741293668747
0.9459328681230545
0.9475538477301597
0.9461959525942802
0.9460484772920609
0.9464682176709175
0.9455703303217888
0.9470080986618996
0.9469645828008652
0.9466995090246201
0.9453064277768135
0.9461689785122871
0.9439230680465698
0.9469334840774536
0.9459074273705482
0.9467490211129188
0.9460596933960914
0.9457060545682907
0.9459857285022736
run 1
model 0
0.9226253345608711
0.9312425494194031
0.9335263267159462
0.9313135519623756
0.9250637933611869
0.9312025353312492
0.9384814590215683
0.9363993376493454
0.936280044913292
0.9347224429249763
0.9347771987318992
0.9332045987248421
0.9323166817426681
0.9308307483792305
model 1
0.9320193335413933
0.937895904481411
0.9374453395605087
0.9427505359053612
0.9433723226189613
0.9424423679709435
0.9426271215081214
0.9403801470994949
0.94378741979599
0.9412750020623207
0.9426517486572266
0.9416767552495002
0.9419547379016876
0.940061105787754
0.9420192524790764
0.9411758825182914
model 2
0.8982947811484336
0.9090379491448403
0.9256131559610367
0.9349026992917061
0.9398132428526879
0.9447182878851891
0.9455428466200828
0.9454882323741913
0.9458720162510872
0.9467663958668708
0.9476421043276787
0.9494923755526543
0.950055082142353
0.9499220058321953
0.9492146968841553
0.950797700881958
0.9509234622120857
0.9505073711276054
0.9510454714298249
0.9494030192494393
0.9501780435442925
0.9496540993452072
0.9499243929982185
0.9482914507389069
0.9507339343428611
0.9502491280436516
0.949416096508503
0.9496792837977409
0.9502042695879936
0.9505549043416976
0.9509610027074814
0.9502529338002205
0.9491800650954246
0.9496800363063812
0.9503556668758393
0.9496509656310081
0.949398136138916
0.9493502393364907
0.9494198724627495
0.949159762263298
0.9480696231126785
0.9492732211947441
0.949120643734932
0.9489144876599311
model 3
0.8960384517908097
0.9170856103301048
0.923711308836937
0.9312382474541664
0.9349560454487801
0.9378865197300911
0.9385848104953766
0.9375315845012665
0.9424071773886681
0.94250568151474
0.9433283165097237
0.9446704715490342
0.9451480656862259
0.9460925310850143
0.9453650131821633
0.9452885434031486
0.9460694536566734
0.9470368877053261
0.9470338568091392
0.9471323922276497
0.9458943083882332
0.9454174473881721
0.9472848892211914
0.9478958562016487
0.947745381295681
0.9476422846317292
0.9473842650651931
0.9482731714844703
0.9476113870739937
0.9483494311571121
0.9484832718968391
0.9473227828741073
0.9483733728528023
0.9480104058980942
0.9486834362149239
0.9492821842432022
0.9474698528647423
0.9485584467649459
0.9481404721736908
0.9488246694207192
0.9487799227237701
0.9491530433297157
0.9491882964968681
0.9491019874811173
0.9494004353880883
0.9475013181567192
0.9501806661486626
0.950318643450737
0.9498467013239861
0.9501879870891571
0.9495149418711663
0.949921253323555
0.9501782864332199
0.9493068978190422
0.9498818874359131
0.949772447347641
0.9492901682853698
0.950971682369709
0.9486471995711326
0.9495317652821541
0.9492956206202507
0.9497756585478783
0.9486911728978157
run 2
model 0
0.922268696129322
0.9338347598910332
0.9339476197957992
0.9324546322226525
0.9354825988411903
0.9352765575051307
0.9367847159504891
0.9356324970722198
0.9323189988732338
0.9321024119853973
0.9329038321971893
0.9326942414045334
0.9326148584485054
model 1
0.9177784025669098
0.9311853021383285
0.9362619996070862
0.9396155402064323
0.9369087964296341
0.9392045214772224
0.942309720814228
0.9399507880210877
0.9387064158916474
0.9418712899088859
0.9414367586374283
0.9408975899219513
0.9395716458559036
0.9426254004240036
0.9440258279442787
0.9422373563051224
0.9405743479728699
0.9410220071673393
0.9406797468662262
0.9402028754353523
model 2
0.888287203013897
0.9006836920976639
0.927022060751915
0.9284932434558868
0.9324994876980781
0.9377910375595093
0.9367906674742699
0.9417156547307968
0.9417236536741257
0.9435416013002396
0.940421250462532
0.943779781460762
0.9454236283898354
0.9465029165148735
0.9461212873458862
0.9450701683759689
0.946994511783123
0.9459294825792313
0.9457876369357109
0.9458243891596794
0.9445357143878936
0.9457219660282135
0.9452969819307327
0.9455593183636666
0.9458178132772446
0.9444713667035103
0.9440954253077507
0.944366991519928
0.9445233806967736
0.945237310230732
0.9459271013736725
0.9453859761357307
0.9457131028175354
0.944978640973568
0.94506945759058
0.9479973644018174
0.9454896673560143
0.9462976530194283
0.9446246072649955
0.9453356921672821
0.9449897855520248
model 3
0.8345707073807717
0.8718015179038048
0.8924030125141144
0.9037572592496872
0.9081184640526772
0.9142546907067299
0.9190636396408081
0.9204256564378739
0.9209534227848053
0.9249868899583816
0.926082344353199
0.9263796418905258
0.9248227268457413
0.9297913372516632
0.9297246381640434
0.9292301431298255
0.931914409995079
0.9322319641709328
0.9342318296432495
0.9349809736013412
0.9352943703532219
0.9358575955033303
0.937201215326786
0.9358066007494926
0.9372808828949928
0.9381171822547912
0.9378512084484101
0.9381308123469353
0.9385423332452774
0.9391004368662834
0.9404700964689254
0.9405655398964882
0.9408500045537949
0.940257503092289
0.9394446268677712
0.9404922798275948
0.9400661185383796
0.9410752505064011
0.9416395127773285
0.9409907951951026
0.9403710976243019
0.9408959105610848
0.9411161422729493
0.9412896171212196
0.9415164843201638
0.9415758818387985
0.9425309598445892
0.9429202109575272
0.9413366258144379
0.9422410577535629
0.9428426548838615
0.9421026200056076
0.9426940083503723
0.9425810277462006
0.9429104834794998
0.9416138991713524
0.9438993275165558
0.9434655129909515
0.9434520557522774
0.942920246720314
0.9431433200836181
0.9427437290549279
0.9433225363492965
0.9424943864345551
0.9437768906354904
0.9440915420651436
0.9441213652491569
0.9430374711751938
0.9436521664261818
0.9425408780574799
0.9417402535676956
0.9430680587887764
0.9433943957090378
0.9439055010676384
0.9440794751048088
0.9430860087275506
0.943786732852459
0.9433847159147263
0.9428024515509605
0.9439798086881638
0.9436119571328163
0.9439558327198029
0.9433748289942742
0.9474323242902756
0.9471897229552269
0.9471553236246109
0.9474602609872818
0.9469588547945023
0.9472052037715912
0.9468841999769211
0.9458738997578621
run 3
model 0
0.9308024644851685
0.9347000539302825
0.9324850037693977
0.9333743497729301
0.9348073840141297
0.9327293947339058
0.9377371743321419
0.9340063840150833
0.9341591387987137
0.9331765308976173
0.9314393848180771
0.9310128197073937
model 1
0.91942018866539
0.9313012942671776
0.9381331697106361
0.939095276594162
0.9422420531511306
0.9419568106532097
0.9435778319835663
0.9437761649489402
0.9430842801928521
0.9417502596974373
0.9395727008581162
0.9418477430939675
0.9404771804809571
0.9406192615628243
0.9404202803969384
0.9387949839234352
0.9398422762751579
0.9407527595758438
0.9385554283857346
0.9415582045912743
0.940116535127163
0.9401564136147499
0.9396044671535492
0.9400409862399102
0.9396283268928528
model 2
0.9126517832279205
0.9210437729954719
0.9349051922559738
0.9351172894239426
0.9424590021371841
0.9439509645104408
0.9447625681757927
0.947348527610302
0.9453520089387893
0.9462185025215148
0.9459483355283738
0.9474538341164589
0.9489247679710389
0.9487830907106399
0.948547974228859
0.9502328798174858
0.9492697849869728
0.9509565889835357
0.9477233812212944
0.9495496645569801
0.9506024226546288
0.9480321004986763
0.9507773667573929
0.9504836022853851
0.949496679008007
0.9485813453793526
0.9490144267678261
0.9482053607702255
0.9487762451171875
0.9477155953645706
0.947925129532814
0.949549213051796
0.9473181143403053
0.9478250324726105
0.9476839646697044
0.9482903182506561
0.9487189441919327
0.9475966736674308
0.94723489433527
0.948716190457344
0.9477639839053154
0.9484081044793129
model 3
0.8946649178862571
0.9144773125648499
0.9191475957632065
0.9247657909989357
0.9260900005698204
0.927032858133316
0.9283303588628768
0.9282593533396721
0.9293151214718819
0.9317159965634346
0.9341192185878754
0.9348089203238488
0.9330369472503662
0.9336813077330589
0.9360997840762139
0.9367022916674614
0.9379795446991921
0.9372776582837105
0.9382588431239128
0.9384368240833283
0.9370278403162956
0.9370242267847061
0.9380910471081734
0.9390944302082062
0.9390354156494141
0.9402225553989411
0.939486163854599
0.9408940985798836
0.9408841282129288
0.940937951207161
0.9407031461596489
0.9415524408221245
0.9419440478086472
0.9415268525481224
0.9415320158004761
0.9415463224053383
0.9419466510415078
0.9413897588849067
0.942847415804863
0.9430561974644661
0.9428310737013816
0.944213904440403
0.943862360715866
0.9445246577262878
0.9430893555283546
0.9434668615460395
0.9447408199310303
0.9439510866999626
0.9435830384492874
0.9442963913083077
0.9442888557910919
0.9442168414592743
0.9441726550459861
0.9436266869306564
0.9463520616292953
0.9455945819616318
0.9466866046190262
0.946614482998848
0.9455746695399284
0.946063444018364
0.9444074764847755
0.944705730676651
0.9448896422982216
0.9466176211833954
0.9456930190324784
0.9451310768723488
0.9454722613096237
0.9463244557380677
0.9446594372391701
0.9460938408970833
0.9461156740784645
0.9450265899300575
0.9447273433208465
0.945388488471508
0.9461603090167046
0.9458923101425171
0.9449138358235359
0.9463771998882293
0.9456288114190101
0.9460029736161232
0.9444519311189652
0.9463095217943192
0.9457589566707612
0.9461787447333336
0.944972887635231
0.936707828938961
0.9445814162492752
0.949476170539856
0.9491894915699959
0.9494081094861031
0.9492041751742363
0.9490978211164475
0.9485401108860969
run 4
model 0
0.9239453241229058
0.9348072364926339
0.9344749003648758
0.9378977313637733
0.937259966135025
0.9398145154118538
0.9358387500047683
0.937405189871788
0.9353501424193382
0.9341298028826713
0.9328652709722519
0.9328501641750335
0.9328489482402802
model 1
0.9050674140453339
0.9264079838991165
0.9354704946279526
0.9388127580285073
0.9382508471608162
0.9409187942743301
0.9382304191589356
0.940046975016594
0.9399221256375313
0.9391415879130364
0.940018892288208
0.9401652008295059
0.939152055978775
0.9388418853282928
0.9401902288198472
0.9396163791418075
0.9385715544223785
0.9378148019313812
0.9377850651741028
0.9391788735985755
0.939092080295086
0.940303684771061
0.9393375977873802
0.9385929942131043
0.9384318470954895
0.9385472938418389
0.9392586022615432
0.9394393131136894
model 2
0.9114316940307617
0.9254589468240738
0.9343549981713295
0.9372890904545784
0.9404865071177483
0.9428056061267853
0.9428157120943069
0.9452396765351295
0.9466693356633187
0.9479283571243287
0.947459127008915
0.9485914275050163
0.9488008052110672
0.9478884473443031
0.9480423331260681
0.947720980644226
0.949097515642643
0.9487545967102051
0.9487615868449211
0.9484278500080109
0.9490492850542068
0.9495561778545379
0.9480359613895416
0.9493685215711594
0.9460791394114494
0.9473666816949844
0.9493238121271134
0.9474159494042397
0.9480287998914718
0.9474382996559143
0.9473627805709839
0.9468441933393479
0.9470667883753776
0.9466657355427742
0.9448620289564132
0.9462930887937546
model 3
0.8359073638916016
0.8833669781684875
0.900256235897541
0.9047242715954781
0.914967443048954
0.9170150488615036
0.9263714283704758
0.9284128606319427
0.9294952690601349
0.9283361539244652
0.9310602143406868
0.9343283176422119
0.9340767651796341
0.9379960313439369
0.9388233304023743
0.940705931186676
0.9392508313059806
0.9381718799471855
0.9396897673606872
0.9420503154397011
0.9419676065444946
0.9431942850351334
0.9439317092299462
0.9435243055224418
0.9418644398450852
0.9446540728211403
0.9452735930681229
0.9445099771022797
0.9460819318890572
0.9442872866988182
0.9457060873508454
0.9458649083971977
0.9456332594156265
0.9445540010929108
0.9463146522641182
0.9465859442949295
0.9469559654593468
0.9457856938242912
0.9453143134713173
0.9456034421920776
0.9461449831724167
0.9458571881055832
0.9461695373058319
0.9476154416799545
0.946175916492939
0.9458664536476136
0.9471186697483063
0.9473394438624382
0.9460541293025017
0.9463304802775383
0.946422190964222
0.9459137201309205
0.9463071957230568
0.9465486407279968
0.946045333147049
0.945593786239624
0.9451243132352829
0.9465199142694474
0.94768335968256
0.9475718781352043
0.9482909977436066
0.9479903146624565
0.9473807379603386
0.9472013711929321
0.9459034144878388
0.9462552592158318
0.9467983856797219
0.9467594414949417
0.9462648972868919
0.9464106768369674
0.9471673280000686
0.9470168337225914
0.9483257234096527
0.9476455479860306
0.9465117871761322
0.9472655981779099
0.9459347233176232
0.945941811800003
0.9461370453238487
0.9454484283924103
0.9451884746551513
run 5
model 0
0.9332869648933411
0.933416523039341
0.9399799853563309
0.9362115040421486
0.9390824690461159
0.9352678507566452
0.9416250690817833
0.9402889624238014
0.9384015053510666
0.9392460405826568
0.9372086480259896
0.9370478063821792
model 1
0.9135119840502739
0.9323070392012596
0.9339072808623314
0.9402646496891975
0.9412652716040611
0.9418887153267861
0.9393277943134308
0.9411590322852135
0.9409005224704743
0.940825279057026
0.940791842341423
0.9414799869060516
0.9398904025554657
0.9400241687893868
0.9416954055428505
0.9413932621479034
0.9411949157714844
0.9415690511465072
0.9404228121042252
0.9416659012436867
0.9392136931419373
0.9395339980721473
0.9396613150835037
model 2
0.9055834829807281
0.9224089875817298
0.9287143260240555
0.9365160793066025
0.9391053512692451
0.9399614170193672
0.9424361541867257
0.9445254415273666
0.9425224497914314
0.942944510281086
0.9471196100115776
0.945311053097248
0.9481448382139206
0.947087450325489
0.9492839634418487
0.9477477476000786
0.9490837901830673
0.9497640430927277
0.9492057532072067
0.9477809712290763
0.9493059992790223
0.9483721479773521
0.9486614271998406
0.9479972139000893
0.9494468867778778
0.9483217254281044
0.9472886636853218
0.950405615568161
0.9489059895277023
0.9479307129979133
0.9479258537292481
0.9484831184148789
0.9484326496720314
0.9475522592663765
0.9477777034044266
0.9470029637217522
0.9467648789286613
0.9460790991783142
0.9457892671227455
model 3
0.7328933715820313
0.7983457908034325
0.8059229537844658
0.8113414779305458
0.8148080050945282
0.8221923679113388
0.821004556119442
0.8281593710184098
0.8363916397094726
0.8437149703502655
0.8658993169665337
0.8769920766353607
0.8754983380436897
0.8858298331499099
0.9037303447723388
0.9000090897083283
0.9081646561622619
0.913916078209877
0.9149359047412873
0.9209139913320541
0.9223944529891014
0.9271593794226647
0.926691509783268
0.9347116842865943
0.9330352395772934
0.93015738427639
0.93184395134449
0.9366311118006706
0.9374883204698563
0.9389059364795684
0.9393350943922997
0.9436262458562851
0.9400187879800797
0.9416054114699364
0.9425783649086952
0.9410091519355774
0.9432812198996544
0.9436258137226105
0.9441299095749855
0.9406980872154236
0.944343164563179
0.9440726980566978
0.9450220972299576
0.9446205228567124
0.9434381559491157
0.9436752736568451
0.945205207169056
0.9463219344615936
0.9450179994106293
0.9453605100512504
0.9451991975307464
0.9454749122262001
0.9458377078175545
0.9445730283856392
0.9458407372236252
0.9459236055612564
0.9453468590974807
0.9459996342658996
0.9449055910110473
0.9463706374168396
0.9433134332299232
0.9447748914361
0.9462839633226394
0.945748756825924
0.9448690354824066
0.9444578260183334
0.9470670446753502
0.946482814848423
0.9475915029644966
0.9464629665017128
0.9475485637784005
0.9474563807249069
0.9474237278103829
0.9472994774580001
0.9466828003525734
0.9465963765978813
0.9472309678792954
0.9465355858206749
0.9467375874519348
0.9464083194732666
0.9460276052355766
0.9460130140185357
0.9464116275310517
0.9469028905034065
0.9464204549789429
0.9444855362176895
0.9456014990806579
0.9463325291872025
0.9462852150201797
0.9459971785545349
0.946514330804348
0.9468769311904908
0.9460609585046769
0.9458588570356369
0.9464664772152901
0.9460576638579369
0.94646055996418
0.9457626551389694
0.9457261309027671
0.9462554693222046
0.9462116524577141
0.9460848152637482
0.9454658567905426
0.945456925034523
0.9452413320541382
0.9458792582154274
0.945624902844429
0.9453783124685288
0.9458444684743881
0.9454362690448761
0.9454394564032554
0.9446258425712586
0.9456015512347221
0.9451841145753861
0.9453953355550766
run 6
model 0
0.9267112329602242
0.9344201952219009
0.9382426634430885
0.9355804160237312
0.935586528480053
0.9353493586182594
0.9376709625124932
0.9379443034529686
0.9357744872570037
0.935340529680252
0.9344689592719078
0.9350229203701019
0.9340260326862335
model 1
0.9235884264111519
0.9354497522115708
0.9422197714447975
0.9435530677437782
0.9452302396297455
0.9446443542838097
0.9458705112338066
0.946306087076664
0.9410996109247207
0.9452712759375572
0.9422370016574859
0.9427642062306404
0.9430218771100044
0.9418072059750557
0.9434832870960236
0.9441000193357467
0.9427079856395721
0.9427122861146927
model 2
0.8924138799309731
0.9106547474861145
0.9257597044110298
0.9353744059801101
0.9359995514154434
0.9394736900925637
0.9417893052101135
0.942100839316845
0.9447844967246055
0.9444244161248208
0.9436751127243042
0.9433503225445747
0.94489606320858
0.9438494101166726
0.9460886627435684
0.9444520056247712
0.9453444242477417
0.9449312344193459
0.9456398889422417
0.9432719096541404
0.9445878207683563
0.9431664645671844
0.9445919141173362
0.9433094441890717
0.9436178669333458
0.9446749910712242
0.9443091049790382
0.9436489701271057
0.9443705543875694
0.9441502600908279
0.9428988128900528
0.9423537671566009
0.9448368847370148
0.9432235315442086
0.942715571820736
0.9441556140780449
0.9425234436988831
0.9428099393844604
model 3
0.8721633002161979
0.8724636808037758
0.8976579174399376
0.9159605965018273
0.9197879523038864
0.9184661611914635
0.9248910456895828
0.9296633839607239
0.9285949096083641
0.9294894158840179
0.9304687365889549
0.9318228900432587
0.933039952814579
0.9333249300718307
0.934623409807682
0.935916057229042
0.9365233391523361
0.9339890480041504
0.9365294322371482
0.9353201389312744
0.9379738718271255
0.9382819026708603
0.9388772651553154
0.9398890540003777
0.9397984057664871
0.9406890079379082
0.941093023121357
0.9420562416315079
0.9420430660247803
0.9420270308852196
0.9411838188767433
0.9396085187792778
0.9407513961195946
0.9435005962848664
0.9413235694169998
0.9425869271159172
0.9429824337363243
0.9427922800183296
0.9435327932238579
0.9434629514813423
0.9420904815196991
0.9433046996593475
0.9440760284662246
0.9433852195739746
0.9428663551807404
0.9428612470626831
0.9418732777237893
0.9430122926831246
0.9436654314398766
0.943387271463871
0.9437018692493438
0.9428409248590469
0.9437229558825493
0.9440419942140579
0.94413972645998
0.9442402943968773
0.9442107260227204
0.9450970441102982
0.9444290041923523
0.9431916818022728
0.9444636240601539
0.944105926156044
0.9442433148622513
0.9427204832434655
0.9429900258779526
0.9429900735616684
0.9431842550635338
0.9434176564216614
0.9446575075387955
0.9461878791451455
0.9457798287272453
0.9448089510202408
0.9445535078644752
0.9437731072306633
0.944118732213974
0.944212318956852
0.9425415217876434
0.9481306061148643
0.9468245461583138
0.946607555449009
0.9456601947546005
0.9453294411301613
0.9447526663541794
run 7
model 0
0.9319933652877808
0.93585324883461
0.933080117404461
0.9348526075482368
0.93731237500906
0.9422762706875801
0.9400567054748535
0.9386718064546585
0.9357321694493294
0.937207005918026
0.9354765489697456
0.9348807409405708
0.9345907598733902
model 1
0.9225926533341408
0.9348911613225936
0.9371877700090409
0.9370043441653252
0.9403710752725601
0.9381511896848679
0.9416385486721992
0.942329055070877
0.9428813487291337
0.9442642599344253
0.940389396250248
0.9427208065986633
0.9430851727724076
0.9407532677054405
0.9397060185670852
0.9435023471713067
0.9435550659894943
0.941925460100174
0.9420792162418365
0.9435233637690544
0.9435070335865021
model 2
0.9058728232979775
0.9218253925442695
0.9235063523054123
0.9299274027347565
0.9361626818776131
0.9398377373814583
0.9400702267885208
0.9409559592604637
0.9438101544976234
0.9433086484670639
0.9453120023012161
0.9455697074532509
0.945802466571331
0.9448300883173942
0.9466357424855232
0.9462324917316437
0.9455908134579658
0.9464721471071244
0.946529883146286
0.9471256405115127
0.9466160058975219
0.9464507162570953
0.9461680456995964
0.9463442876935005
0.94568130671978
0.9448802635073662
0.9455619752407074
0.9460566475987434
0.9457518592476845
0.945476022362709
0.9450102776288987
0.9452521488070488
0.9465195015072823
0.9463276520371438
0.9447324693202972
0.9463806763291359
0.9444856226444245
0.9443079993128777
0.9458948791027069
0.9439312636852264
0.9437182128429413
0.9437689676880836
0.9457255288958549
0.9442533180117607
0.9440541803836823
0.9440943837165833
0.9441383153200149
0.9467188984155654
0.9454710155725479
0.9457685291767121
0.9456606790423393
0.9443923994898796
0.944252073764801
model 3
0.8683994352817536
0.8715182259678841
0.8806162029504776
0.8936091437935829
0.9005421593785286
0.907591050863266
0.9118085563182831
0.9041341796517373
0.9208415150642395
0.9183154568076134
0.9286095708608627
0.9308074817061425
0.9305397778749466
0.9319970190525055
0.9273163840174675
0.9270374834537506
0.934095311164856
0.9273144587874412
0.9347081825137138
0.9253603592514992
0.9299560099840164
0.936252960562706
0.9365477755665779
0.9357379466295243
0.9367263779044152
0.9350484699010849
0.9369353383779526
0.937941363453865
0.9340174198150635
0.9373597651720047
0.9362361744046211
0.9385985970497132
0.9355057403445244
0.9369435489177704
0.9399852767586708
0.9358515858650207
0.9349947214126587
0.9400155529379844
0.9352576792240143
0.9335410267114639
0.9312247291207314
0.9403901144862175
0.9326141700148582
0.9330196261405945
0.9399356424808503
0.938298924267292
0.9404732838273049
0.9365024223923684
0.9370190665125847
0.9319281116127968
0.9396329760551453
0.9383970081806183
0.9388067364692688
0.9375228613615036
0.9374768272042274
0.9418107107281685
0.9401317104697228
0.9349198997020721
0.9413893923163414
0.9414463222026825
0.9405464708805085
0.9399005621671677
0.941345939040184
0.9410687431693077
0.9362922519445419
0.9392493531107903
0.9405471757054329
0.9394302129745483
0.9420734956860543
0.9394384726881981
0.9413656875491142
0.9410805329680443
0.9423157319426536
0.9394257351756096
run 8
model 0
0.9364028513431549
0.9302307054400444
0.9342952355742454
0.93016646951437
0.9356009170413018
0.9373367637395859
0.9391046285629272
0.9383678764104844
0.9356145143508912
0.9346524700522423
0.9343472346663475
0.9328313916921616
model 1
0.9196726098656655
0.9362800046801567
0.9354419380426406
0.9400627493858338
0.9376884698867798
0.9393220901489258
0.9426210314035416
0.9409971356391906
0.9433928862214088
0.9420075163245201
0.9413318172097206
0.9400048717856407
0.9403693974018097
0.9403710633516311
0.9385768160223961
0.9365347996354103
0.9396573513746261
0.9382403090596199
0.9410677969455719
model 2
0.9008389726281166
0.9218868851661682
0.9297598794102668
0.9323418363928795
0.9373027250170708
0.9400448501110077
0.9407536283135414
0.9413069650530815
0.9431065306067467
0.945959621667862
0.9456688746809959
0.9456699237227439
0.9444187507033348
0.9455295965075493
0.9450964450836181
0.9463787898421288
0.9461306989192962
0.9447271093726158
0.9458548486232757
0.9457720533013344
0.9451673775911331
0.9458322763442993
0.9452376797795295
0.9446730941534043
0.9443138286471366
0.9451640859246254
0.9443259030580521
0.9435201987624169
0.9445345491170883
0.9435823440551758
0.9433386713266373
0.9440521702170372
0.9428837969899178
0.9413947209715843
0.9440956190228462
0.9420654714107514
0.942612710595131
0.9436945736408233
0.9429661124944687
0.9428688570857048
0.9414069220423699
0.941919957101345
0.9431100785732269
model 3
0.888320155441761
0.8907060295343399
0.907109847664833
0.9141180470585824
0.9211340188980103
0.9212206602096558
0.9272067129611969
0.92930878251791
0.9333915382623672
0.9346591129899025
0.9359344780445099
0.9353690356016159
0.9371913596987724
0.9364074513316154
0.9392201557755471
0.9381024673581123
0.9380770727992058
0.9419515326619148
0.9408867672085762
0.9418426513671875
0.940635173022747
0.9414615467190742
0.9432429611682892
0.9426005482673645
0.9434294119477272
0.9428685918450356
0.9438778445124626
0.9433231115341186
0.9418310835957527
0.9425320491194725
0.943272739648819
0.9437893375754356
0.9434159353375435
0.9446266770362854
0.9422462716698646
0.9453869685530663
0.9438013851642608
0.9448403209447861
0.9431880190968513
0.9432394295930863
0.944384315609932
0.9439694955945015
0.9429067611694336
0.9439259588718414
0.9407559350132942
0.9460162565112114
0.9438746988773346
0.9439384743571282
0.9430208906531334
0.9442743971943856
0.9435530602931976
0.9448770150542259
0.9447038635611534
0.9441161781549454
0.9425679028034211
0.944438025355339
0.9458717361092568
0.9457049369812012
0.9446098744869232
0.9432661533355713
0.9442692205309868
0.9448004797101021
0.9437258899211883
0.9440495386719704
0.9442408993840218
0.9439263865351677
0.9435187697410583
run 9
model 0
0.938243818283081
0.936762697994709
0.9388231813907624
0.933672308921814
0.9349171563982963
0.9366892024874687
0.9401412338018418
0.9390418022871018
0.9359917640686035
0.9356105595827102
0.9341061294078827
0.9338473439216614
model 1
0.9135459378361702
0.9281762808561325
0.9377221196889878
0.9390424326062202
0.9419556006789207
0.9412118211388588
0.9422396570444107
0.9435219258069992
0.941745999455452
0.9433698534965516
0.9409738555550575
0.9388314470648765
0.9386016368865967
0.9414231061935425
0.9396504834294319
0.9402119249105454
0.9404470086097717
0.9400786116719246
0.9406940415501595
0.9397260993719101
0.9396596193313599
0.9393790140748024
model 2
0.8724086150527001
0.8899439916014671
0.9081096574664116
0.9149363860487938
0.9267758548259735
0.9261754855513573
0.9338055863976479
0.9344111189246178
0.940461379289627
0.936636033654213
0.9440113961696625
0.9431357637047768
0.9443131074309349
0.942313514649868
0.9463202357292175
0.9408199831843376
0.9450904920697212
0.942747811973095
0.9463919073343277
0.9453352570533753
0.9419281899929046
0.945512755215168
0.9452899426221848
0.94442188590765
0.9449633091688157
0.9463069751858711
0.9433687165379524
0.9446208223700523
0.9436137601733208
0.9456869691610337
0.9441961064934731
0.9441605493426323
0.9437874346971512
0.9445567682385445
0.943610206246376
0.944672879576683
0.944888062775135
0.9470405593514443
0.9448334082961083
0.945895428955555
0.9431171551346779
0.9438061773777008
0.9434273585677146
model 3
0.8798575192689896
0.8985089808702469
0.9150691583752633
0.918448805809021
0.9263353466987609
0.9271595254540443
0.9290927022695541
0.9292773172259331
0.9317643046379089
0.93352030813694
0.9306959018111229
0.9361201331019402
0.9354120716452599
0.9355311527848243
0.9359397947788238
0.9357967033982277
0.9383403614163399
0.9359079226851463
0.9350425750017166
0.9394167631864547
0.9378443598747254
0.9403364479541778
0.9380118638277054
0.9397097811102867
0.9424633204936981
0.9411311641335487
0.9392582282423974
0.9416874036192894
0.9415938854217529
0.9421908244490623
0.9390281021595002
0.9419695928692817
0.9400477558374405
0.9412620261311531
0.9414138957858086
0.9417705327272415
0.9431747317314148
0.9422814428806305
0.9434913083910942
0.9406148537993431
0.9406528398394585
0.9430427208542824
0.9420330241322518
0.9400747656822205
0.9422191545367241
0.9423908710479736
0.9413164615631103
0.9403308898210525
0.9408089175820351
0.9439351066946984
0.9427437722682953
0.9428675517439842
0.9431871101260185
0.9426685348153114
0.9434881538152695
0.9421024680137634
0.9424284815788269
0.9427379220724106
0.941627086699009
0.9423752292990685
0.9423015207052231
0.9429433211684227
0.943891504406929
0.9434546604752541
0.9425845175981522
0.9419876649975777
0.9428042799234391
0.9423647597432137
0.9412563964724541
0.9430332526564598
0.9426896721124649
0.9429386541247368
0.9423158645629883
0.9433151990175247
0.9421393483877182
0.9419634610414505
0.9431141465902328
0.9425209060311317
0.9428546458482743
0.9420085951685906
0.9422356754541397
0.942564332485199
0.9434037864208221
0.942577888071537
0.943666809797287
0.943052627146244
0.9434854447841644
0.9421695858240128
0.9439262568950653
0.9427924647927284
0.9420481517910957
0.9426111087203026
0.9436519235372544
0.9442829608917236
0.9431382089853286
0.9426874577999115
0.9428287535905838
0.9436548396944999
0.943125881254673
