run 0
model 0
0.17279032096266747
0.13037884403020145
0.11115371808409691
0.09638511212542653
0.08715098621323705
0.08474045814946293
0.08473755083978177
0.07865894185379148
0.06976085640490055
0.07387615065090358
0.07061097584664822
0.0727723349351436
0.06848343736492098
0.07682966701686382
0.07377114575356244
0.0771451171953231
0.06714878710918129
0.07374303182587028
0.08139117648825049
0.06807080740109087
0.07421997236087918
0.07566075650975108
model 1
0.19904236681759357
0.16343821063637734
0.14212103467434645
0.12712866719812155
0.11342192068696022
0.1035938661545515
0.09487127624452114
0.08844650778919458
0.08797503300011159
0.07948700254783034
0.0750311785377562
0.07671859888359904
0.07141453847289085
0.07037927294149995
0.06764129810035228
0.06711339857429266
0.06815118184313178
0.06530801700428128
0.06748573295772076
0.061795597709715364
0.06353662824258208
0.06258594151586294
0.05995719451457262
0.062312898226082325
0.05961016891524196
0.0582442520186305
0.057908315863460305
0.060562743339687586
0.05955794248729944
0.06079174438491464
0.0605483939871192
0.060778578463941815
model 2
0.26565499752759936
0.23442029915750026
0.21142244711518288
0.1935054197907448
0.17880087345838547
0.16716725789010525
0.15392131619155408
0.14683398362249137
0.13725279457867146
0.1293849904090166
0.12212163992226124
0.11521811671555042
0.11069611590355635
0.10757367946207523
0.1033935172483325
0.09850307088345289
0.09731457903981208
0.09035026635974645
0.08652832619845867
0.08602561838924885
0.08160155452787876
0.08059896668419242
0.07868103198707103
0.07801833543926477
0.08337639179080725
0.07256707809865474
0.072895223274827
0.06908030062913895
0.07044345131143928
0.0692354024387896
0.06937303971499205
0.06727172816172242
0.06388850985094904
0.06376450760290027
0.0655577584169805
0.06189334504306317
0.06565744020044803
0.06286235721781849
0.059720201697200534
0.06028481544926763
0.05991558851674199
0.062231323774904014
0.0615408593788743
0.05568600501865149
0.05644277911633253
0.055198885034769773
0.058136035595089196
0.056108477618545295
0.054055115301162006
0.054815958440303805
0.057762695290148255
0.05706794708967209
0.05599919371306896
0.05418204236775637
model 3
0.44594854265451433
0.4058821603655815
0.3832486055791378
0.36248537749052046
0.34669158309698106
0.32600714862346647
0.30865069702267645
0.29542483314871787
0.281464247033
0.26802499406039715
0.26078308932483196
0.2509826235473156
0.24089026488363743
0.2295512069016695
0.22390974014997483
0.2152765017002821
0.2073458954691887
0.20474627502262593
0.19869303442537783
0.19294887259602547
0.18204523362219333
0.17646386697888375
0.17255845107138157
0.16745661944150925
0.16165205352008344
0.1582148339599371
0.1526198076084256
0.14884741492569448
0.14835306890308858
0.14391207620501517
0.14425963461399077
0.13741634152829646
0.1374143786728382
0.13166674673557283
0.12883225902915002
0.12440802436321974
0.12392804771661758
0.12433837037533521
0.11805346608161926
0.11385629773139953
0.11736502349376679
0.11169633381068707
0.1108300119638443
0.10730467680841685
0.10672719795256853
0.10558704622089862
0.11137124262750149
0.1000013092532754
0.09954292252659798
0.09783933293074369
0.09899422209709882
0.09356815945357085
0.09280636459589005
0.09228217359632254
0.09217592775821686
0.09123692885041237
0.0938202429562807
0.09343046639114619
0.09173658695071936
0.0866124208085239
0.08700130367651582
0.08735328232869506
0.08610507380217314
0.08130496637895704
0.08270759377628564
0.07965604411438107
0.08025257056578994
0.08041649544611573
0.08104538610205055
0.07828215481713414
0.0845379039645195
0.07736592218279839
0.07693623546510935
0.07662005005404353
0.07352841896936298
0.07461977601051331
0.07486625229939818
0.0746666755527258
0.07255678260698914
0.07657377924770117
0.07247420968487858
0.07487417943775654
0.07167899124324321
0.07669800380244851
0.07465720530599355
0.07189107220619917
0.07714428324252368
0.07267938386648894
run 1
model 0
0.13081870879977942
0.09804066447541118
0.09543895209208131
0.07904676832258702
0.0796077037230134
0.07025103773921729
0.06776983388699591
0.07421972146257758
0.07062093811109663
0.06968383071944118
0.07350835520774127
0.08139246394857765
model 1
0.1469980575144291
0.11993207093328237
0.10295429918915033
0.08933934811502695
0.083220380730927
0.07647376535460353
0.07533497856929898
0.07161089684814215
0.06736085759475827
0.06725315740332008
0.06555463876575232
0.0652066950686276
0.06611822284758091
0.06155904084444046
0.05957906162366271
0.06169235007837415
0.06075057350099087
0.059392817132174966
0.06084420755505562
0.06388429701328277
0.059893494471907616
0.0654781955294311
0.06020499309524894
model 2
0.3584329538047314
0.31880990862846376
0.2919998414814472
0.2682062827050686
0.24960353411734104
0.23213305175304413
0.21845874041318894
0.20462253876030445
0.19374609403312207
0.18271800875663757
0.172148060426116
0.16256672516465187
0.15584244579076767
0.14842954091727734
0.1432805361226201
0.13624900206923485
0.13040906600654126
0.12828499488532544
0.12151298820972442
0.11746826600283385
0.1117138123139739
0.11143386084586382
0.10885076876729727
0.10372247118502856
0.10052629690617323
0.09683042019605637
0.0987393531948328
0.09299180321395398
0.09073565937578679
0.08994751516729593
0.08810881692916155
0.0848083283752203
0.08336884062737226
0.08213446475565434
0.08285309690982104
0.08279205579310656
0.07959652300924062
0.07871607821434737
0.07747606160119176
0.0741389898583293
0.07425218503922223
0.07205439852550626
0.07471328983083367
0.07153298035264015
0.07087635733187199
0.0684811158105731
0.06753392107784748
0.07272712355479598
0.06732502020895481
0.06569083174690604
0.06748432377353311
0.06501279510557652
0.06450620060786605
0.06475694319233298
0.06468029022216797
0.06548341382294894
0.0653325205668807
0.06403750134631991
0.06571586299687623
0.06164909284561872
0.06111512277275324
0.060358526464551684
0.06082645645365119
0.06165636507794261
0.059162511862814425
0.06225200155749917
0.058787808567285535
0.06246165232732892
0.06138574685901403
0.05922150304540992
0.06330518564209342
0.05833501685410738
0.05636674705892801
0.060652142576873305
0.06176432333886624
0.05724566504359245
0.05803071074187756
0.05903653148561716
model 3
0.489794185012579
0.4403021946549416
0.4146238327026367
0.3945029154419899
0.3758693367242813
0.359625931084156
0.343363830447197
0.32898491621017456
0.31606427654623986
0.303270211815834
0.2920499838888645
0.2812901359051466
0.271371778473258
0.26189515851438044
0.25353368893265726
0.24508025571703912
0.23738476522266866
0.22910026460886002
0.2218841914087534
0.2153893902897835
0.20751211009919643
0.20167957432568073
0.19553520977497102
0.19033307954669
0.18509858921170236
0.17883734218776226
0.17505323477089405
0.17100223936140538
0.16510084122419358
0.16262427121400833
0.1579659327864647
0.1539189588278532
0.14854991231113673
0.14617965426295995
0.1420601561665535
0.1390531888231635
0.13788267113268377
0.13443080317229034
0.13070748541504146
0.12719697915017605
0.12500459477305412
0.12212506216019392
0.12179797757416963
0.11892340891063213
0.11690125651657582
0.1135159781202674
0.11096834167838096
0.11021094266325235
0.10708340052515268
0.10623423997312784
0.10490134973078966
0.10255914349108934
0.1024587906897068
0.10198496207594872
0.09983605816960335
0.09585175160318612
0.0952664440497756
0.09310739561915397
0.09050510842353106
0.090418198145926
0.09209407027810812
0.08857471253722907
0.08629322089254857
0.08709948863834142
0.0839714240282774
0.08386356933042408
0.08388590971007943
0.08356130905449391
0.08226492973044515
0.07941012606024742
0.07869995692744851
0.0793461729772389
0.07676803292706609
0.07712901150807738
0.07868591323494911
0.0768008230254054
0.07667699027806521
0.07453207420185208
0.07410448659211397
0.07572531644254923
0.0716876714490354
0.07125408155843616
0.06918839290738106
0.07221334986388683
0.06907802037894725
0.0707789578475058
0.06819164454936981
0.06798867881298065
0.06907303603366018
0.06963531002402305
0.06888757226988673
0.06633642027154565
0.06806909004226327
0.0682280727662146
0.0671212519519031
0.06567504294216633
0.0674854788929224
0.06506750071421266
0.06437492677941918
0.06587436748668551
0.06746268356218935
0.06528918780386447
0.06476466106250882
0.06257645217701793
0.0650542558170855
0.06606714250519871
0.06348657635971904
0.0626716130413115
0.06221959525719285
0.06120506292209029
0.06048405608162284
0.05855077542364597
0.060293643921613696
0.06183198587968945
0.06284152343869209
0.06345980204641818
0.05880152452737093
run 2
model 0
0.1566282918676734
0.11828927360475064
0.10296272169798612
0.08819841155782342
0.08269631136208773
0.07889771722257137
0.07545015532523394
0.08016491876915097
0.07284848857671022
0.06772593408823013
0.07536266380921006
0.07164498437196017
0.07538971910253167
0.07273770775645971
0.06952687399461865
model 1
0.1433673666790128
0.11835221834480762
0.10252216197550297
0.09208463747054338
0.08435656586661935
0.08233663989230991
0.07720068274065853
0.07120902668684721
0.06884586904197931
0.06693628011271358
0.0627127262763679
0.06103390427306295
0.06115247886627913
0.05807061977684498
0.056723219063133004
0.05773115269839764
0.05853046672418714
0.05389208970591426
0.0559644422493875
0.05564496098086238
0.05758644724264741
0.05352227315306664
0.06221404420211911
0.056005351012572646
0.05606266683898866
0.05919543439522386
0.05458082058466971
model 2
0.2558633118867874
0.20548249706625937
0.17875417321920395
0.1608183640986681
0.14649848006665706
0.1356575571000576
0.1267163172364235
0.11756210327148438
0.11171512063592673
0.106613146699965
0.0988921046257019
0.0947210406884551
0.09417372886091471
0.08890468124300241
0.08462767340242863
0.08302060272544623
0.08088653292506934
0.07636117488145829
0.0768909927457571
0.07473128018900752
0.07056964030489325
0.07054856428876519
0.06755885966122151
0.06791520053520798
0.06522793406620622
0.06785077527165413
0.0627835962921381
0.06157676950097084
0.06259073931723833
0.05989459697157144
0.060673474241048096
0.05992067502811551
0.060823141038417815
0.05743282083421945
0.057859485037624836
0.05752421356737614
0.05707699880003929
0.05668245479464531
0.057035050727427004
0.056627283338457346
0.059504237677901986
0.05689154034480452
0.055069653503596785
0.05471032094210386
0.053312838450074194
0.05436154399067163
0.0547229421325028
0.053150384314358236
0.053184506576508285
0.0522943677380681
0.051597860362380746
0.05462821368128061
0.052183363446965815
0.0520467103458941
0.05438078586012125
0.05002292385324836
0.05452371668070555
0.051438207924366
0.05188005585223436
0.053032677294686435
0.055298369657248256
model 3
0.3879224479198456
0.34697428792715074
0.32494470924139024
0.3098484665155411
0.29688568562269213
0.28514038771390915
0.2739031258970499
0.26416692063212394
0.25496174171566965
0.24636635035276414
0.23654574379324914
0.22840201184153558
0.22064800038933755
0.2124569796025753
0.20576053522527218
0.20094611309468746
0.19549514651298522
0.18820478171110153
0.1830496672540903
0.17864254377782346
0.1732061255723238
0.1685429535806179
0.16435669511556625
0.15930280275642872
0.15602618232369422
0.15389449745416642
0.14857736229896545
0.14446745812892914
0.14294898118823768
0.14208965972065926
0.13813260495662688
0.1342285554856062
0.12915953435003757
0.1290196307003498
0.12329567391425371
0.12198038883507252
0.11925626546144485
0.1164313904941082
0.1156942393630743
0.11286249309778214
0.11066703423857689
0.11088605914264918
0.10826278608292342
0.10570019073784351
0.10330901816487312
0.10338287614285946
0.09973305743187666
0.09962253477424383
0.0956892991438508
0.09636507704854011
0.09400583077222109
0.09208604823797942
0.08973277565091849
0.09231829084455967
0.08850246835500002
0.08872539270669222
0.08813869934529066
0.08625266589224338
0.0852570528164506
0.08560344092547893
0.08313645124435425
0.08011122532188893
0.08037925232201815
0.07938099689781666
0.08157602800056338
0.07970785247161985
0.07705538617447019
0.07759290086105466
0.07735656229779124
0.07572931703180075
0.07473614932969212
0.07314627496525646
0.07152523444965482
0.0708659127354622
0.07206400604918599
0.07357164584100247
0.07252483926713467
0.06882124235853553
0.06778142917901278
0.06817673798650503
0.06867301436141134
0.0670974156819284
0.06501050777733326
0.0663719855248928
0.06553714768961072
0.06595084546133875
0.06421544076874852
0.06653290623798966
0.0629051617346704
0.0643770826049149
0.06285136807709932
0.06425793096423149
0.06202016500756145
0.060539751779288054
0.061885686311870816
0.06312261763960123
0.06293048178777098
0.05998257650062442
0.06168356416746974
0.05986514165997505
0.058492894470691684
0.05929556088522077
0.059392441716045144
0.061846339423209426
0.05906328605487943
0.058703056257218125
run 3
model 0
0.14731179922819138
0.11606407165527344
0.09797699861228466
0.0917471930384636
0.08439417239278554
0.07593403356149793
0.0722764352336526
0.0738582007586956
0.07014200119301676
0.07191664534620941
0.06919407844543457
0.0724828766193241
0.0678517933934927
0.07181249186396599
0.0695525714661926
0.0716889776289463
0.07175181331112981
0.08204565620981157
model 1
0.18715619780123233
0.15123296119272708
0.12668853122740983
0.11385203450918198
0.10084364265203476
0.09134339150041342
0.09241218362003564
0.08232007622718811
0.08201363142579794
0.07679254058748483
0.07257190803065897
0.06917498772963881
0.06567856147885323
0.06723860716447234
0.06382213281467557
0.06502394201233982
0.06522150319069624
0.06378672188147902
0.06406298140063882
0.06006897334009409
0.06068623336032033
0.06208938825875521
0.05930874515324831
0.05969168459996581
0.060823618434369564
0.06101192692294717
0.06175350425764918
0.0629282888956368
model 2
0.18434819653630258
0.15189177356660366
0.13539434783160686
0.12193558365106583
0.11180489286780357
0.10325641408562661
0.0986024571582675
0.09278804361820221
0.08950388245284557
0.0839450528845191
0.08047203747555613
0.07781833782792091
0.07592886667698621
0.07485890090465545
0.07369249276816844
0.07400910248979926
0.06932651232928037
0.06580039858818054
0.068381267786026
0.0657193835824728
0.06757731540128589
0.061794050876051186
0.06460080090910196
0.06251192167401314
0.06134808249771595
0.06493604565039277
0.06296477122232318
0.0579675979912281
0.05877967337146402
0.0560300849378109
0.05882066152989864
0.05772085962817073
0.05730530945584178
0.05495452107861638
0.05532527882605791
0.057905844412744045
0.05494205239228904
0.057055638171732426
0.056880964804440735
0.05673368275165558
0.05494453101418913
0.05494499416090548
model 3
0.477058719843626
0.43620989844202995
0.41446001902222634
0.39524594470858576
0.37699138596653936
0.3615251623094082
0.3467833913862705
0.3335204742848873
0.32192777693271635
0.3104547657072544
0.2989888347685337
0.2892981193959713
0.2794938124716282
0.2701783996075392
0.2607344910502434
0.25203881673514844
0.2463024605065584
0.2376132782548666
0.22909064963459969
0.2230949576944113
0.21557623371481896
0.20920622088015078
0.20464433431625367
0.19685410037636758
0.19145917519927025
0.18657409250736237
0.1818309545516968
0.17765923030674458
0.17349722161889075
0.1681219983845949
0.16600150167942046
0.16060051321983337
0.15568520426750182
0.1515453292056918
0.1492867624387145
0.14697462860494853
0.14230751767754554
0.1399936193600297
0.13670837581157685
0.13452861942350863
0.13068111706525087
0.13059748336672783
0.1258537719026208
0.1256011152639985
0.12261027190834284
0.120099625736475
0.11726864129304886
0.11656276881694794
0.1135324602946639
0.11008292492479085
0.109284015186131
0.10843841936439276
0.10539307314902543
0.10360398162156344
0.10597726497799158
0.10229632388800383
0.09919400531798601
0.0982864087447524
0.09849822502583265
0.09663077015429736
0.09428188223391772
0.09273703042417765
0.09232217986136675
0.09155284706503153
0.08924959488213062
0.09109279680997133
0.08872330207377672
0.08739651720970869
0.08759740134701133
0.08611213406547905
0.08290738826617598
0.08230297164991499
0.08116336325183511
0.08300467040389777
0.0801465262658894
0.08006649632006883
0.07889846609905363
0.07834881711751222
0.07950153294950724
0.07877682549878955
0.07591982120648026
0.07626462318003177
0.07531557539477944
0.07410153253003955
0.07603348726406693
0.0748299403116107
0.07281320905312896
0.07232468230649829
0.07533415500074625
0.07432739930227399
0.07330503370612859
0.07351958379149437
0.0763157649897039
run 4
model 0
0.15283394176512957
0.13345896191895007
0.107359379529953
0.09356375699862837
0.08358064936473966
0.077910291031003
0.07893080124631524
0.08181059565395117
0.08282731119543314
0.08144653523340821
0.07780001172795892
0.06725876065902411
0.07219628361053765
0.07291094986721873
0.07613696521148086
0.08533185240812599
0.07106631803326309
model 1
0.16735210046172141
0.13482710309326648
0.12070350497961044
0.10560156647115945
0.09518982712179422
0.09036728106439114
0.08162896446883679
0.07670458182692527
0.0745042311027646
0.0706780762411654
0.07311214981600642
0.06795673342421651
0.0671183959580958
0.06238314444199204
0.06152844997122884
0.06129023674875498
0.06365910405293107
0.06016591414809227
0.06297398945316672
0.06078926352784038
0.05814398732036352
0.05905170692130923
0.05839676558971405
0.06123205553740263
0.061306577920913694
0.056209451984614134
0.06455511553213
0.06230216203257442
0.061267213243991134
0.06335633248090744
0.06084810914471746
model 2
0.3018539011478424
0.26277044750750067
0.2402909155935049
0.22259741201996802
0.2057533785700798
0.19310122579336167
0.1800346713513136
0.171480168402195
0.1608561035245657
0.1523858655244112
0.14369178656488657
0.13742379788309336
0.133237443305552
0.1279903830960393
0.1209227854385972
0.11493327617645263
0.11339144129306078
0.106307671405375
0.10301871784031391
0.10306473821401596
0.09837241973727942
0.09446973726153374
0.09300772920250892
0.0897054024040699
0.0871320515871048
0.08729411996901035
0.0842432552948594
0.08115140628069639
0.08212330378592014
0.08202774804085493
0.07601462118327618
0.07539967326447368
0.0823365000076592
0.07373203141614795
0.07515407800674438
0.07126815905794501
0.06990578370168805
0.06807488026097416
0.06912961537018418
0.07230052668601275
0.06836375780403614
0.06705081649124622
0.06519336784258485
0.06531681949272752
0.06907189087942242
0.06797806499525905
0.06590272560715675
0.06558477655053138
model 3
0.34734098240733147
0.30891423150897024
0.2880880407989025
0.26969973631203176
0.25275503359735013
0.2392279405146837
0.2270721673965454
0.21507111191749573
0.20417629480361937
0.19450503215193748
0.18586084023118019
0.17746871672570705
0.16989197432994843
0.16566516421735286
0.15777150727808475
0.1527752336114645
0.14781742170453072
0.14103780053555964
0.13669096268713474
0.13469151370227336
0.12983280494809152
0.1256640613079071
0.12191682029515505
0.11766272410750389
0.11708686556667089
0.11350267045199872
0.11071101520210505
0.10825787205249071
0.10622699335217475
0.10507865343242884
0.10096170864999295
0.10125211402773857
0.09624496772885323
0.09451095052063466
0.09534004870802164
0.09143163487315178
0.08894051108509302
0.08751160204410553
0.08683569841086865
0.08453332837671042
0.08292204439640045
0.08055615490302444
0.07951481565833092
0.08159044021740555
0.08030905928462743
0.07630254859104753
0.07635316997766495
0.07567359246313572
0.07429567081853747
0.07400457737967372
0.07333428189158439
0.07421793565154075
0.07216495126485825
0.06977708404883742
0.07050933549180627
0.06837511053308845
0.07075655236840248
0.07064005825668573
0.06830035159364342
0.06959295207634568
0.06652017962187529
0.06964218821376562
0.06609553266316652
0.06677996572107077
0.0630052405409515
0.06691564479842782
0.06379990605637431
0.06417003590613604
0.06618480142205954
0.06516296360641718
run 5
model 0
0.14512177798897027
0.12141419965773821
0.10021209716796875
0.0850998030975461
0.0789645149372518
0.07446956913918257
0.07504283059388399
0.07348521184176207
0.07107072216458618
0.07579820277169347
0.06944505814462901
0.07082275599241257
0.0731175176333636
0.0776678517460823
0.07324768588878214
0.06642189091071486
0.07170948372222483
0.07940511396154762
0.07996883913874626
0.08566821478307247
0.07478894898667932
model 1
0.14705466628074645
0.12079655323177577
0.10382237639278173
0.09305615741759539
0.0904091453179717
0.0820076703093946
0.0760709903202951
0.07366848168894649
0.07139503043144942
0.06574398633092642
0.06607311898842454
0.061934815533459184
0.06442480366677046
0.06196431117132306
0.06338929440826177
0.05881235273554921
0.059634822979569437
0.06100780703127384
0.05862947581335902
0.06528804237022996
0.05833932645618915
0.0648952248506248
0.05630140630528331
0.059671830665320155
0.07016778932884335
0.05891152825206518
0.05662607629783452
0.05821860027499497
model 2
0.2624245099723339
0.22870189435780047
0.20738758742809296
0.18950487449765205
0.17636938020586967
0.1652817241847515
0.15101196467876435
0.1414462210610509
0.13283192198723554
0.12554369997233153
0.12082786243408919
0.11525010634213687
0.10898329932242631
0.10459065604954958
0.10026267431676388
0.09704064596444369
0.09465531334280967
0.08997625671327114
0.08922422137111426
0.08615824170410633
0.08231039177626372
0.080741230212152
0.07721319785341621
0.077800786588341
0.07506655296310782
0.07725435746833682
0.0732452710159123
0.07129005771130323
0.06897506341338158
0.06841588132083416
0.06812195209786295
0.07059838250279427
0.06924256188794971
0.06485889200121164
0.06426203204318881
0.06531656002625823
0.06187158701941371
0.0669891819357872
0.06291842330247163
0.0637872826308012
0.060297465231269595
0.057874328549951316
0.0598089475184679
0.0576546473428607
0.05907575422897935
0.05856509152799845
0.05716094058007002
0.057016266789287326
0.05796550735831261
0.0550114419311285
0.058690298534929755
0.05398662444204092
0.056463790126144886
0.05485864477232098
0.05689593041315675
0.05850268537178636
0.053059180779382584
0.05572552131488919
0.0514905652962625
0.051743920613080266
0.054375955183058974
0.05332879819907248
0.05236756335943937
0.05182154085487127
model 3
0.3831323221325874
0.34073295146226884
0.31937408074736595
0.30207006856799123
0.287332621216774
0.27396083921194075
0.26142092421650887
0.24984116069972515
0.23889204747974874
0.22899495102465153
0.2208619352430105
0.21162932962179185
0.20464029684662818
0.19677692987024784
0.18927334249019623
0.1834171734750271
0.17730816267430782
0.1720339074730873
0.16658484414219857
0.1620784316211939
0.1579550553113222
0.15261909514665603
0.14926595538854598
0.14484646022319794
0.14315115381032228
0.13926173076033593
0.13476237431168556
0.13142055738717318
0.1272759648039937
0.12516744043678046
0.12155906371772289
0.11981493607163429
0.11692534312605858
0.11419339459389448
0.11291964519768953
0.109427185729146
0.10802964139729739
0.10685749296098948
0.10540333334356547
0.10337852463126182
0.10069149378687144
0.10052459482103586
0.096586424857378
0.09567900579422713
0.09384910184890032
0.09161712396889925
0.09180187880992889
0.08874856270849704
0.08836445156484843
0.0888084040954709
0.08705208655446768
0.08711553495377303
0.08257588455453516
0.08206419683992863
0.08054631873965264
0.08005131483078003
0.08195858225226402
0.08008029824122787
0.07909248657524585
0.07881548190489411
0.07572340462356805
0.0743590167723596
0.07712729759514332
0.07315017068758607
0.07270524390041828
0.07541115628555417
0.07091002389788628
0.07140769865363836
0.06945683443918824
0.06799878971651196
0.06860560979694127
0.06846822528168559
0.06841368358582259
0.06684296382591129
0.06920854384079575
0.0656507353298366
0.06667683403939009
0.06560067078098655
0.06553399916738271
0.0646310169249773
0.06234304094687104
0.06533324467018246
0.06343705290928484
0.0617891482077539
0.0637253395281732
0.06190134054049849
0.06039755651727319
0.06252790419384838
0.060081650502979755
0.061884159594774245
0.05885207075625658
0.059999250993132594
0.05916819032281637
0.05844225334003568
0.059712392184883355
0.05707891248166561
0.05820770217105746
0.05969300735741854
0.062460823077708484
0.059943947661668065
0.05667198868468404
0.05868911938741803
0.05741954445838928
0.056201588734984397
0.055260354466736314
0.05540718026459217
0.05647917753085494
0.055507433135062456
0.05609244294464588
0.0565691988915205
run 6
model 0
0.11953241992741823
0.09720207806676626
0.08716369066387415
0.08035244774073362
0.08266337877139449
0.06945415697991848
0.0711432752199471
0.07008596220985056
0.06665989519096911
0.07028678534552454
0.0721022709272802
0.07500869799405337
0.06543073658831418
0.06881308322772384
0.07353685251437128
0.06944976127706468
0.07359484704211354
0.07637844858691097
model 1
0.1507779374718666
0.12396516278386116
0.1060455834493041
0.09358774367719888
0.08549669086933136
0.08043647408485413
0.07525035953149199
0.07395227514207363
0.0675486202351749
0.07100125392898918
0.06339892446994781
0.06365026338025928
0.06376761607825757
0.06398619199171662
0.06049352465197444
0.059445712994784114
0.06261029038578272
0.059839502722024915
0.057498371694236994
0.05633736359886825
0.05898658018559218
0.058023821515962484
0.05713571449741721
0.06142153330147267
0.05992021458223462
model 2
0.27349216155707834
0.23672379031777382
0.21160739921033384
0.19350954219698907
0.17710370682179927
0.16353297531604766
0.1527059070765972
0.1431101793423295
0.13424337171018125
0.1255765961483121
0.11976184286177158
0.11381392925977707
0.10942442528903484
0.10537439733743667
0.10013468880206347
0.0959696127101779
0.09271872267127038
0.0920578684657812
0.0869806008413434
0.08608204051852227
0.08291184753179551
0.08407828100025654
0.07839688984677196
0.07678829524666071
0.07360074454918504
0.07162045873701572
0.07148175416514277
0.07035964941605925
0.07003746908158064
0.06808014772832394
0.06765490910038352
0.06760494830086827
0.06496874308213592
0.0633785542100668
0.06436447855085134
0.06275950958952307
0.06270626345649362
0.06004821034148335
0.0609191563911736
0.05983211118727923
0.0632606859318912
0.060265963152050975
0.05998770659789443
0.05843598013743758
0.05961387800052762
0.059294911567121744
0.05648865168914199
0.05726394597440958
0.054917183704674244
0.05824353843927384
0.058736891206353906
0.05725323595106602
0.0575626140460372
0.054883779026567936
0.054360035248100756
0.057262206077575685
0.05520277079194784
0.05669637490063906
0.056384631898254156
0.05577193219214678
model 3
0.417462220042944
0.3456275649368763
0.3167438477277756
0.2967800863087177
0.2800828404724598
0.2641076285392046
0.24964430145919322
0.23712566904723645
0.22623723447322847
0.2154781013727188
0.20438085347414017
0.19650863893330098
0.1887872252613306
0.18024006597697734
0.1714572161436081
0.16501976288855075
0.15811791010200976
0.1534015890210867
0.14820716343820095
0.14185162521898748
0.1382625112310052
0.13296586330980062
0.12833779938519002
0.1272687941789627
0.12115281820297241
0.11745404992252588
0.11477029770612716
0.112745182774961
0.10960185155272484
0.10752808600664139
0.10524826534092427
0.1036660261452198
0.09932478331029415
0.09819679539650679
0.09601230602711439
0.09470539595931768
0.09491361118853092
0.09005961995571851
0.08766786847263575
0.09034801609814166
0.08741422146558761
0.08884672243148088
0.08431999646127224
0.0817643852904439
0.08144562318921089
0.07924428330734372
0.07939314385876059
0.07970838695764541
0.07521436884999275
0.07407601727172733
0.07548512034118175
0.07266429029405116
0.07416080459952354
0.07224493473768234
0.07591130398213863
0.07202666811645031
0.07100153900682926
0.07182196993380785
0.0712405557744205
0.06924604652449488
0.06944162836298347
0.06624080007895827
0.06615999573841691
0.06743374327197671
0.06778558362275362
0.06607227576896549
0.0665042296051979
0.06298176646232605
0.0631225861608982
0.06332814516499638
0.06289838533848524
0.0615742445923388
0.06299976063892246
0.06127695282921195
0.06272183423861862
0.06205572597682476
0.0627746325917542
0.0606094665825367
0.06174613554030657
0.06014951132237911
0.06012091226875782
0.06416838439181446
0.05889002187177539
0.05931716114282608
0.060235888697206974
0.05702546881511807
0.0614993522875011
0.05796880340203643
0.05887645334005356
0.05798660581931472
0.06112730596214533
run 7
model 0
0.14406875763088464
0.11540426947176456
0.09546010987833142
0.09238773239776492
0.07761132810264826
0.08392950054258108
0.06872504116035998
0.07380809206515551
0.07098458232358099
0.06905055218376219
0.06807764838449656
0.07038477063179016
0.06746240761131048
0.07335322494618594
0.07145657385699451
0.07598300748504698
0.07933229091577232
0.07512937658466398
model 1
0.1971380677074194
0.15940404012799264
0.13500920608639716
0.11942659299820661
0.10915378946810961
0.09920659139752389
0.09612764194607734
0.08609703574329615
0.08640011344105006
0.07742194151505828
0.07717433702200652
0.07314245896413922
0.07084315735846758
0.07184684006497263
0.06622598655521869
0.06715708896517754
0.06481991996988654
0.06557752732187509
0.06482312213629485
0.06417816877365112
0.06111780116334557
0.06033629085868597
0.06003221357241273
0.06185880023986101
0.06501128012314439
0.0650658069178462
0.06362075097858906
0.06813304610550404
model 2
0.312339024990797
0.26739638596773146
0.23790945447981357
0.2143013495951891
0.19803631342947484
0.1823835328221321
0.17089430876076223
0.15984981656074523
0.14943040609359742
0.14065252020955085
0.13274375349283218
0.12571997735649348
0.11944912858307362
0.11260856445878745
0.11066990569233895
0.10552361160516739
0.10046137347817422
0.09613533075898886
0.09439170770347119
0.09058935940265656
0.09226593859493733
0.08688064608722926
0.08428786005824804
0.08449403606355191
0.07902756547555327
0.0789263779297471
0.07540641464293003
0.07813075743615627
0.07882037097588182
0.07251798789948224
0.07185013927519321
0.07120603090152144
0.06895818756893277
0.06756827952340246
0.07014607004821301
0.06692477380856872
0.06509612826630473
0.06281119706109166
0.062282453197985886
0.0631666887551546
0.06236148271709681
0.06495323209092022
0.06323713604360819
0.06388507634401322
model 3
0.30932374969124793
0.25299614667892456
0.2304001696407795
0.21779924780130386
0.20579081401228905
0.1967579700052738
0.1887022629380226
0.1809010025113821
0.17228693440556525
0.16493130661547184
0.16019884422421454
0.1534806303679943
0.14822059795260428
0.14602893590927124
0.14126489497721195
0.13701426293700933
0.13134267199784516
0.12826526630669832
0.1264272216707468
0.12086299266666174
0.12213337253779173
0.11714593060314656
0.11456360872834921
0.11105856578797102
0.10809776317328215
0.10674136597663164
0.10434559620916843
0.1032600136473775
0.1004649443551898
0.09719533566385508
0.09586531855165958
0.09519115071743726
0.09592773579061031
0.09117302931845188
0.0887574978172779
0.08785366248339414
0.08996482547372579
0.08588329683989286
0.08410481475293637
0.08493048343807459
0.08262478932738304
0.08222812376916408
0.07975246543064714
0.08012728169560432
0.07967089656740427
0.07740407688543201
0.07616505501791834
0.0772430039010942
0.07828730531036854
0.07381276059895754
0.07211144249886274
0.07373552592471241
0.07104702452197671
0.07448248537257314
0.07082034666091204
0.06893643531948328
0.06847054557874799
0.06653137458488345
0.06755405450239778
0.06775342421606183
0.06775198932737111
0.06638495055958629
0.06580789797008038
0.06391164921224117
0.06603476144373417
0.06302204793319106
0.06455475939437746
0.06411045026034116
0.0620633908547461
0.0640219846740365
0.06282947277650237
0.06397300884127617
0.06339557832106948
0.06047134790569544
0.06059732818976045
0.06156388269737363
0.06266455249860883
0.0639034896157682
0.06002845158800483
0.059623401053249835
0.06112759616225958
0.061318125762045386
0.058006147388368845
0.05711528416723013
0.05958947474136948
0.0561001680791378
0.058447700645774606
0.056960307992994785
0.05692069344222546
0.0588502767495811
0.05640953984111548
run 8
model 0
0.13808504417538642
0.10321257896721363
0.08798610847443342
0.08760129753500223
0.07645626431331039
0.06945158420130611
0.07005737507715822
0.07516526198014617
0.06966479131951928
0.07206657486967742
0.061920704273507
0.06938550476916135
0.07272259397432208
0.07269341223873198
0.07211284255608916
0.07541675777174532
model 1
0.1886116024106741
0.15868583917617798
0.13636023961007596
0.12202873770147563
0.10917234309017658
0.09906762093305588
0.09198111928999424
0.08768076337873935
0.08262479100376367
0.08029817277565598
0.08025623438879848
0.07538704965263605
0.07157346662133932
0.07366873426362872
0.06832213876768947
0.06739869071170687
0.06442075446248055
0.06990849329158663
0.06500940406695008
0.06554351057857274
0.06546504385769367
0.06017024777829647
0.06193269733339548
0.06395559953525662
0.059301668964326384
0.06445991769433021
0.06350641436874867
0.06514636687934398
0.061969244945794345
0.06517194490879774
model 2
0.27550910115242006
0.2255672924220562
0.20087996870279312
0.18131962791085243
0.16459420844912528
0.15297786220908166
0.13985262773931026
0.1315209086984396
0.12452666014432907
0.11532912198454141
0.11212352067232131
0.10594430640339851
0.1020371837541461
0.09582209102809429
0.09086487349122763
0.08858887981623412
0.08625330049544573
0.08541083484888076
0.07951382361352444
0.07942998241633177
0.0778463483788073
0.07513337209820747
0.07304503265768289
0.07214710535481572
0.06825164426118135
0.07057300871238112
0.06621803129091859
0.06791121056303381
0.06907754186540842
0.06313109314069151
0.06379352733492852
0.06112000774592161
0.06085933782160282
0.06055875662714243
0.06447558347135782
0.06038041934370995
0.06022060578688979
0.05966067491099238
0.059215427841991186
0.05709792822599411
0.05489141475409269
0.05542316632345319
0.05794080980122089
0.057776141073554756
0.05634512063115835
0.05509036974981427
model 3
0.37706125155091286
0.3298035740852356
0.3001922033727169
0.27881234511733055
0.2612154487520456
0.2444376453757286
0.22945244945585727
0.21652293466031552
0.20564027205109597
0.19439243525266647
0.1855516217648983
0.1772945661097765
0.169145642593503
0.161894341558218
0.15547323860228063
0.14933000281453132
0.14569571204483509
0.13889891989529132
0.13462863806635142
0.13191772606223823
0.12610138729214668
0.12263428438454867
0.11827930510044098
0.11547365132719278
0.11315549109131098
0.1084735656157136
0.1081060528755188
0.10473753754049539
0.10305102858692408
0.09987028390169143
0.0958986110985279
0.09355379696935415
0.09193482734262944
0.09026831742376089
0.08939419500529766
0.08732735011726618
0.08668999690562487
0.08382513448596
0.08354730866849422
0.08282784651964903
0.0846177440136671
0.08167202472686767
0.07789568044245243
0.07623978732153773
0.07585227116942406
0.07604964571073651
0.07422935608774424
0.07418080028146505
0.07494436465203762
0.07221829788759351
0.07290479484945536
0.06979904137551785
0.06871307995170355
0.06929443329572678
0.06791966008022428
0.06729280948638916
0.06792217083275318
0.06589880343526602
0.0656011974439025
0.06519210059195757
0.06748278923332691
0.06280862689018249
0.06191102396696806
0.06396579453721643
0.0630600780248642
0.0617690147832036
0.05986834987998009
0.06104277661070227
0.05986972833052277
0.06086240448057652
0.05973201487213373
0.05915016820654273
0.058439097926020624
0.057228257227689025
0.05692417407408357
0.057949588261544706
0.05812427178025246
0.05853528343141079
0.05771018210798502
0.05841995198279619
run 9
model 0
0.13267066590487958
0.10322980312630534
0.09040596019476652
0.08048888333141804
0.07644124263897538
0.07641762141138315
0.0737552392296493
0.07009920398704708
0.06712872628122568
0.06614215592853726
0.07192153977230191
0.07191203944385052
0.0678210498765111
0.0782759518828243
0.07081839139573276
model 1
0.22038769572973252
0.17709709145128727
0.15161633249372244
0.13237999528646469
0.11849357541650533
0.10854456443339586
0.10036715753376484
0.09069656431674958
0.09314757548272609
0.08556573614478111
0.08329503247514367
0.07718635275959969
0.07262140540406108
0.07046418990939855
0.06682447735220194
0.06676736203953623
0.07002269756048918
0.06630674172192812
0.06748390663415194
0.06344104064628482
0.06396431429311633
0.06034092325717211
0.061232191417366265
0.06213372014462948
0.06583424350246787
0.06422903398051857
0.057281157653778794
0.06167406290769577
0.06231597261503339
0.06440082956105471
0.058797317650169136
0.06235301764681935
model 2
0.24459751807153224
0.21219630986452104
0.1925435308367014
0.17592957317829133
0.16114475578069687
0.15082938000559806
0.14006210900843144
0.1321980135515332
0.1234144277870655
0.11804213859140873
0.11021956261247397
0.1057506462559104
0.10291090365499259
0.09843157418072224
0.09509431943297386
0.09403221011161804
0.08700797967612743
0.0857244398444891
0.08196078557521105
0.07935628555715084
0.07867089668288826
0.07520441599190235
0.07601264556869865
0.07190757291391492
0.07383858812972903
0.069175685942173
0.07127652512863278
0.06530560059472919
0.06890097800642252
0.06646622363477946
0.06794474693015218
0.06143477698788047
0.06155752688646317
0.06329888794571162
0.060060180444270375
0.06308467192575336
0.059056219272315504
0.05762428129091859
0.05779406800866127
0.05900841867551208
0.06267909929156304
0.055294441618025304
0.05522225871682167
0.055207771435379985
0.05479774344712496
0.05524704204872251
0.05368279311805964
0.05520916804671287
0.055023685563355684
0.05292967641726136
0.05426489096134901
0.05576278585940599
0.05556712429970503
0.05358904516324401
0.05450345557183027
model 3
0.39188765808939935
0.33557102382183074
0.3109536476433277
0.2913532301783562
0.27480095624923706
0.2613293442875147
0.24853241629898548
0.23737191483378411
0.22731065154075622
0.2170478694140911
0.20907570905983447
0.20007872842252256
0.19353028312325476
0.18584639355540275
0.18095976524055005
0.17232082337141036
0.16671368330717087
0.16101521998643875
0.1576779756695032
0.1512748446315527
0.14740662537515165
0.14397010318934916
0.13897083811461924
0.13608272112905978
0.1333729837089777
0.12669913675636052
0.12359712570905686
0.12236340437084436
0.11983459517359733
0.11788905747234821
0.11150902472436428
0.11252256650477648
0.10889473296701908
0.10576762910932302
0.10263362284749747
0.1007012752816081
0.09799704644829035
0.09604808837175369
0.09507864825427532
0.09336968306452036
0.09187135454267263
0.09045387506484985
0.08983095269650221
0.08557595051825047
0.08523717485368251
0.08317819330841303
0.0826425140723586
0.08150824215263128
0.08164399787783623
0.07887256983667612
0.08136250041425228
0.07789805606007576
0.07658289382234215
0.07368145734071732
0.07259027138352395
0.0716885196045041
0.07293833969160915
0.07233725292608142
0.0690520822070539
0.07124869860708713
0.0688336699269712
0.0682761862874031
0.06798605164512991
0.06704551531001926
0.06627223687246442
0.06594152646139265
0.06376934051513672
0.06502852141857147
0.06440883735194802
0.065877003967762
0.06365982713177801
0.06413400759920478
0.061520896200090644
0.06264923391863704
0.06039678314700723
0.06176186911761761
0.05989573169499636
0.0601688970811665
0.058914124965667725
0.057742421980947256
0.056509731151163575
0.056594902835786345
0.057507052645087244
0.05766683164983988
0.05612726081162691
0.05587885780259967
0.06016257144510746
0.05678896093741059
0.05654794815927744
0.05668256301432848
0.05396740371361375
0.053855678904801606
0.054077996592968705
0.05589367635548115
0.05398124074563384
0.054114128928631544
0.05253483820706606
0.05217650234699249
0.053191608749330044
0.052293143887072804
0.053192915674299
0.05217822082340717
0.05310568660497665
