run 0
model 0
0.1443807240575552
0.1124195858836174
0.10197584936395288
0.0904387317597866
0.08909574514254928
0.08465669602155686
0.0809789068531245
0.08127556922845543
0.08058116054162383
0.08130932697094977
0.0825036128051579
0.08375387080013752
0.08487984668463469
0.08606810080818832
model 1
0.18224432691931725
0.14626991599798203
0.12438116818666459
0.10917748045176268
0.09837130084633827
0.09009489100426435
0.08455976285040379
0.08023077826946974
0.07804984478279949
0.07678222637623548
0.07368141887709498
0.07377737844362856
0.0718086300417781
0.07062841458246112
0.07284471075981855
0.0721730443648994
0.06971975238993763
0.07252646163105965
0.07201441451907158
0.07120658056810499
0.07329311864450574
0.07229266325011849
model 2
0.2612615846097469
0.22497430741786956
0.1992228053510189
0.17903879545629026
0.16180019304156304
0.14885155335068703
0.13715094923973084
0.12662445660680532
0.11908758319914341
0.11120472475886345
0.10604992806911469
0.10257830340415239
0.09583006836473942
0.09147496484220027
0.08928374517709017
0.08600699361413718
0.0832799032330513
0.08005532920360565
0.07685778727754951
0.07565422570332885
0.0754150977358222
0.07425236729905009
0.07210534969344735
0.07041285540908575
0.06938306074589491
0.06703305309638381
0.0671954887919128
0.06661353399977088
0.06693143574520946
0.06541139902547002
0.06551302224397659
0.06341393161565065
0.06333949910476804
0.06404958730563522
0.06329858917742967
0.061685466673225164
0.06214403863996267
0.06214971421286464
0.06313474727794528
0.06291330009698867
0.06269901096820832
model 3
0.3750764675438404
0.33977930769324305
0.31505858823657035
0.2942784756422043
0.2767323039472103
0.26221461705863475
0.24744414128363132
0.23534544333815574
0.22272044643759728
0.21247890628874302
0.20348438993096352
0.19462863802909852
0.18705178946256637
0.1796525578945875
0.17344306446611882
0.16559703312814236
0.1602408282458782
0.15571429934352637
0.149617638066411
0.14363171122968196
0.13986340239644052
0.1354568801820278
0.13102007582783698
0.12726328149437904
0.12483337875455618
0.12086253743618727
0.11777469888329506
0.11450220327824354
0.112419231235981
0.10941574275493622
0.10604406278580428
0.10393475275486708
0.10182126071304083
0.09949909951537847
0.09789252020418644
0.09600959662348033
0.09518733639270067
0.09218854382634163
0.09000685550272465
0.0900131318718195
0.0874926995486021
0.08732701633125543
0.08588102385401726
0.08466263730078935
0.08291869778186083
0.08240551203489303
0.0803415035828948
0.07982470989227294
0.07899260390549898
0.07702023535966873
0.0770334922708571
0.07573215495795012
0.07502989377826452
0.07481010630726814
0.07251113178208471
0.07213113419711589
0.07100982293486595
0.06942148879170418
0.07112677656114101
0.07005778048187494
0.06959872711449862
0.06923861028626561
0.06798485359176994
0.06705575436353683
0.06651540389284491
0.06738315373659134
0.06589320255443454
0.06567785982042551
0.0662093403749168
0.06363017447292804
0.06463341619819403
0.06495641684159636
0.06402508290484547
0.0648303946480155
0.06269160257652402
0.06215036595240235
0.06328655807301402
0.06440243516117335
0.06229649605229497
0.06596190324053168
0.06045658867806196
0.062458392418921
0.06081866743043065
0.06169961718842387
0.06228454178199172
0.06067335205152631
run 1
model 0
0.1626650145277381
0.1313884247094393
0.11631040591746569
0.10958463735878468
0.10243936246261001
0.09253606917336583
0.08638852369040251
0.08458934295922518
0.08408738747239113
0.08540202742442489
0.0864467871375382
0.08772566635161638
0.08858750727958978
0.08948629042133689
model 1
0.14278509356081487
0.11818691156804562
0.10524214003235102
0.09334603678435087
0.08592489687725902
0.08140627183020115
0.07899674568325281
0.07815527673810721
0.07435966050252318
0.07453980138525367
0.07079063914716244
0.07367760566994548
0.07341328877955675
0.07568711964413524
0.07310443120077252
0.07425348376855254
model 2
0.2546191722154617
0.22209312915802001
0.19324821420013905
0.17241959124803544
0.1574553869664669
0.14447572100907563
0.1343314999714494
0.12665037643164395
0.11810735668987035
0.11195863112807274
0.10614624433219433
0.10126653891056776
0.09737361241132021
0.0921682132408023
0.08943889681249857
0.08617144525051117
0.08310899939388036
0.08089917730540037
0.07881016433238983
0.07798810256645083
0.07485639983788132
0.07424933332949876
0.07312030717730522
0.07393327066674829
0.06912734638899565
0.06865082969889044
0.06897588213905692
0.06759583139792084
0.06543950317427516
0.06541107492521406
0.06374720102176071
0.06406144984066486
0.06469948599115014
0.06266886042430997
0.06286291191354394
0.06290173623710871
0.061716231238096955
0.061985560413450005
0.06115165678784251
0.06299762222915888
0.06268131760880351
0.06235054573044181
0.06246021809056401
0.062076708488166335
model 3
0.2418615311384201
0.19835423044860362
0.181834739074111
0.16883212327957153
0.15757603086531163
0.14898277092725037
0.14190872944891453
0.13628380838781595
0.12860792726278306
0.12366928718984127
0.11912107523530721
0.11388166770339012
0.11020026858896018
0.10578174591064453
0.10314042028039694
0.1002432769164443
0.09681094214320182
0.09366455134004355
0.09126207418739796
0.08915032278746367
0.08791173081845045
0.08623246643692255
0.08340684454888106
0.08106257170438766
0.07939198287203908
0.07833007369190455
0.07720561139285564
0.07511698668822646
0.07429524511098862
0.07266563763841986
0.07154885847121477
0.0714956064708531
0.06983795771375298
0.069370321277529
0.06768810469657183
0.06645123707130551
0.06784274708479643
0.06531128855422139
0.06477669589221477
0.06421519489958882
0.06378244934603572
0.06221901951357722
0.06207468640059233
0.061873793695122005
0.060647218488156796
0.06281193178147078
0.0591492080129683
0.05881115710362792
0.05877086203545332
0.057939570397138596
0.05855876700952649
0.057581338286399844
0.057134353742003444
0.057412820681929586
0.05679885381832719
0.05663605183362961
0.05713098663836717
0.05465753218159079
0.057101438753306866
0.055951053835451604
0.05571469562128186
0.055051887035369874
0.0562967830337584
run 2
model 0
0.13632434010505676
0.10922773964703084
0.09828121149912476
0.09401687113568187
0.0870813679881394
0.08347971350885927
0.08008991023525595
0.079513877350837
0.08138265619054437
0.0819594225846231
0.0834507335908711
0.08441040760371835
0.08546217810362577
model 1
0.17564026974141597
0.13842973429709673
0.11865784507244825
0.10425797551870346
0.09722231049090624
0.08908750656992197
0.08283749669790268
0.08132789256051183
0.07806185260415077
0.07516282973811031
0.07298283316195012
0.07126914039254188
0.07378378603607416
0.07054955726489424
0.06932811457663775
0.06945247491821646
0.07198342438787222
0.07180383577942848
0.07274213908240199
0.07396939527243376
model 2
0.32812022641301153
0.286236559972167
0.2546249195933342
0.23064725697040558
0.21109016761183738
0.19401518851518632
0.18042552955448626
0.1674231503158808
0.15661926195025444
0.14697172529995442
0.1409403670579195
0.1317866150289774
0.12530226372182368
0.1190343676134944
0.11394483093172311
0.11046513896435499
0.1052594581618905
0.10229925606399774
0.0997473519295454
0.09684314280748367
0.09562336429953575
0.09139306638389826
0.0903228022158146
0.08777536069974304
0.08581630792468786
0.08627579715102911
0.08447357295081019
0.08234879951924086
0.08169380454346538
0.07994999177753925
0.07799944402649998
0.07731809597462416
0.07647908665239811
0.07667057001963258
0.0760208404622972
0.07045924561098219
0.07295597419142723
0.07310388097539544
0.07387996930629015
0.07242522528395057
0.0732539851218462
model 3
0.38909020721912385
0.3434174954891205
0.31959315612912176
0.3018918953835964
0.28713210225105285
0.27402483485639095
0.26176730878651144
0.25114298313856126
0.24235096760094166
0.2332738872617483
0.22481158897280692
0.21748256348073483
0.21157972067594527
0.2031617384403944
0.19673159904778004
0.1912957474589348
0.18403610959649086
0.1797567442059517
0.17473001703619956
0.169638816639781
0.16430268362164496
0.16010694969445466
0.1560490569099784
0.15298309363424778
0.1485571140423417
0.1448186993598938
0.14148955494165422
0.13872532099485396
0.1355086885392666
0.13204938489943743
0.12847096510231495
0.12552592381834984
0.12332428172230721
0.12152625788003206
0.12061628233641386
0.11735438648611307
0.11613756790757179
0.11350001171231269
0.11080269049853086
0.10991885140538216
0.10907493457198143
0.10632711686193944
0.10529777407646179
0.10314783472567797
0.1026793697848916
0.10061760600656271
0.0977626197040081
0.09735333882272243
0.09627780355513096
0.09523984417319298
0.09398936163634061
0.09339868221431971
0.09228944685310125
0.09037332786247135
0.0901480813510716
0.09007659796625375
0.08639234099537134
0.08632088797166944
0.08611298212781549
0.08559084068983794
0.08537994455546141
0.08441118709743023
0.08225800758227705
0.08268462130799889
0.08195071071386337
0.0812700841575861
0.08024593936279416
0.0803012560121715
0.07998716114088893
0.08013779409229756
0.07967544067651033
0.07860550973564387
0.07825667792931199
0.0774724098853767
0.07566238539293409
0.07873255014419556
0.07605207934975625
0.07662525987252593
0.07608393859118223
0.07370681511238217
0.07461160775274038
0.07443597456440329
0.07054549725726247
0.06684074820950628
0.06763206794857979
0.06576934270560741
0.06608569528907537
0.06643799478188157
0.06630881559103727
0.0663897124119103
0.06804548194631935
run 3
model 0
0.13723699878901244
0.11206483636051416
0.0987376014702022
0.0931795708835125
0.09047055887058378
0.087056087795645
0.08027781611308456
0.08188203885219991
0.0817255818285048
0.0834591870661825
0.0837377030402422
0.08527769083157181
model 1
0.17256973758339883
0.14108484275639058
0.1208085710182786
0.10891820006072521
0.09906510412693023
0.09200166072696447
0.08748486600816249
0.08295379560440778
0.08156029731035233
0.08013796880841255
0.08045783946290612
0.07814970975741745
0.0772586296312511
0.07872921451926232
0.07826132774353027
0.07968188766390086
0.07819154225289822
0.07702410109341144
0.07951186057180167
0.07645114790648222
0.07723676655441522
0.0782786681316793
0.07956472849473357
0.07991188308224081
0.08176460880786181
model 2
0.22907933555543422
0.19897725023329257
0.17447628900408746
0.15734458491206169
0.14301089774817227
0.1312698945403099
0.12152942456305027
0.11244540009647608
0.1070791432633996
0.1008319914340973
0.09631936736404896
0.0916685950011015
0.08707048166543245
0.08298701215535402
0.08081001965329052
0.07740677688270807
0.07620985405519605
0.07244868967682123
0.07316372077912092
0.07026311196386814
0.06841124575585127
0.06898197839036584
0.06547082886099816
0.06472240518778563
0.06438955208286642
0.06429831050336361
0.06274556778371335
0.06330542750656605
0.06209066938608885
0.06279728915542364
0.06161394501104951
0.060471225809305904
0.06148880133405328
0.061065849754959343
0.06068989653140307
0.060692816972732544
0.05930198784917593
0.06082774112001062
0.061172885913401844
0.059890915360301736
0.060857273172587156
0.06016731522977352
model 3
0.34095949605107306
0.3120184428989887
0.2946603260934353
0.28121347576379774
0.26997554264962675
0.2594443466514349
0.24991518557071685
0.24156904295086862
0.23238903880119324
0.2239763166755438
0.21619414240121843
0.20939926765859126
0.2044133473187685
0.1978669535368681
0.19119597487151624
0.18576739691197872
0.1795554656535387
0.17541709803044797
0.1705383475869894
0.1664013981819153
0.16327630877494811
0.15976975597441195
0.15524455141276122
0.15081095043569803
0.14825195968151092
0.14380988664925098
0.1417374938726425
0.13717306964099407
0.13474754747003317
0.13251308035105466
0.12937641572207212
0.12659731060266494
0.1242912370711565
0.12246724180877208
0.12018547970801592
0.11840670574456454
0.11570798456668854
0.11453586835414171
0.11145363114774227
0.10964942667633296
0.10784739516675472
0.10550075005739927
0.10446331314742566
0.10238062161952258
0.1026155473664403
0.09996463805437088
0.0981795011088252
0.09766230601817369
0.09607725478708744
0.09441219363361597
0.09385489840060472
0.09284305199980736
0.09105061441659927
0.0915498279966414
0.08790520103648305
0.08798982575535774
0.08429393572732806
0.0847648167051375
0.08402613624930381
0.08307086881250143
0.08337052408605813
0.0827136597596109
0.08199817948043346
0.08019338846206665
0.08024677913635969
0.08126547141000628
0.07972229644656181
0.0778171286918223
0.07978484742343425
0.07704707467928529
0.0765541928820312
0.07788530942052603
0.07644579065963626
0.07627790533006192
0.07453205827623606
0.07437402391806244
0.07494944520294666
0.07293868558481335
0.07277713362127543
0.07224394176155328
0.07374664228409529
0.07132920008152724
0.07208463875576854
0.07093794848769903
0.07129323557019233
0.08211245173588395
0.06769066695123911
0.06331971911713481
0.06453103236854077
0.06370290825143457
0.0634920991025865
0.06436544209718705
0.06428210726007819
run 4
model 0
0.1483581352978945
0.11968749556690454
0.10471468567848205
0.09767640056088567
0.0905179719440639
0.08544465256854891
0.08330066148191691
0.08145552687346935
0.08178774518892169
0.08187128659337758
0.08391298139467836
0.08412797194905579
0.08528363429941237
model 1
0.25325768925249575
0.20587941892445089
0.17689500898122787
0.15533959530293942
0.14104944989085197
0.12761362940073012
0.11992788296192884
0.11066309027373791
0.10586624778807163
0.10081304889172316
0.09668028000742197
0.09300330393016339
0.09092754647135734
0.0904264454729855
0.08730322429910302
0.08541027577593922
0.08577187210321427
0.08538191951811314
0.08627646025270223
0.08378127375617624
0.08380397679284216
0.08379061771556735
0.08281961716711521
0.08313014013692736
0.08378730993717909
0.08315275702625513
0.08370874812826515
0.0838407670147717
model 2
0.21956888251006604
0.18651176951825618
0.16424074955284595
0.14745174981653691
0.1332528606057167
0.12205411419272423
0.11397182568907738
0.10709326155483723
0.09991483874619007
0.09475111905485392
0.09034242574125528
0.08606643229722977
0.08346520215272904
0.08055087188258767
0.07766212858259677
0.0766707131639123
0.07354538207873702
0.07186480266973376
0.07022667368873954
0.06948823388665915
0.06789626060053706
0.06649000644683838
0.06630755811929703
0.06510616671293974
0.06701204320415854
0.06520306542515755
0.06263718567788601
0.06347523238509893
0.06379569843411445
0.06316171297803522
0.06251344168558717
0.06297141928225755
0.0635262904688716
0.06307986304163933
0.06470643663778901
0.06333047784864902
model 3
0.38994200006127355
0.34639872610569
0.32233852744102476
0.3047832801938057
0.28817473649978637
0.27452963292598725
0.2602803409099579
0.24862091131508351
0.23873158246278764
0.22920619882643223
0.2195907909423113
0.21079862378537656
0.20333007648587226
0.19523155130445957
0.18867564126849173
0.180661666020751
0.1755461510270834
0.17050403207540513
0.16496301703155042
0.15946761667728424
0.15433131270110606
0.149931313470006
0.14539942815899848
0.1417286992073059
0.13894456066191196
0.13451524320989847
0.13057780545204878
0.12767552454024553
0.12387325298041105
0.12235791869461536
0.11852337587624788
0.11611187029629946
0.11376848071813583
0.11235770396888256
0.10905394442379475
0.10666166599839925
0.10432839356362819
0.10379061680287123
0.10178293585777283
0.10017669536173343
0.09813959654420615
0.09691846631467342
0.09463630225509405
0.09191232640296221
0.09273366071283817
0.09124674908816814
0.08929144656285644
0.0871943173930049
0.08773926477879286
0.08599955737590789
0.08536391388624906
0.08469235524535179
0.08315563555806875
0.08238292811438441
0.08174395570531487
0.08133523827418684
0.07980509260669351
0.07763528916984797
0.07542415028437972
0.07520476654171944
0.07404900826513768
0.07409296566620469
0.07371198879554867
0.07376460619270801
0.07406980590894818
0.07358825039118529
0.07272549755871296
0.07282054694369436
0.07342701116576791
0.07129779607057571
0.07065713200718164
0.06985845351591706
0.06830594288185239
0.06864787703379989
0.06969137918204069
0.0679951936006546
0.06946105109527707
0.0688330446369946
0.06848205169662833
0.06816332777962089
0.06973632508888841
run 5
model 0
0.13050192967057228
0.10539667196571827
0.09423610707744956
0.08542424058541656
0.08206324959173798
0.08291319869458676
0.07696198727935552
0.07776265814900399
0.07715482003986836
0.07863882812671363
0.08000844870693982
0.08104618680663407
model 1
0.21658572927117348
0.17501321397721767
0.1506743898615241
0.1313238013535738
0.11838424857705832
0.10861183516681194
0.10251868851482868
0.09526923391968012
0.09162617288529873
0.08866373039782047
0.08839935595169664
0.08323403224349021
0.08446719525381922
0.0817373695783317
0.08054953999817371
0.08083093306049705
0.0799416434019804
0.07838351568207144
0.08122029369696974
0.07932245191186667
0.08301759911701083
0.08247874174267053
0.08148913821205497
model 2
0.24134205915033818
0.20574949830770492
0.18479990288615228
0.16734037213027478
0.1546971444040537
0.1426920535042882
0.13274529483169317
0.1239445261657238
0.11846641711890697
0.11237590312957764
0.1048975232988596
0.10156745575368405
0.0958058625459671
0.09297861773520708
0.08844866063445807
0.08653887435793876
0.08292177990078926
0.08072916958481073
0.07869908194988966
0.0786273630335927
0.07469697128981352
0.07434871848672628
0.07360857846215367
0.0727050993591547
0.06951480628922582
0.07043212568387389
0.07046340694651007
0.06517943004146218
0.06569917378947139
0.06673954464495183
0.06678116358816624
0.06547688227146864
0.06501604067161679
0.06493798457086086
0.06539010042324662
0.06595184691250325
0.06528597166761756
0.0664998552761972
0.06567881600931287
model 3
0.5487088814377785
0.5027333080768586
0.47750237211585045
0.4558071009814739
0.4374163620173931
0.419182063639164
0.4031822465360165
0.3875410221517086
0.37211582213640215
0.35855028554797175
0.34504827857017517
0.3328317262232304
0.32148383781313894
0.3103989340364933
0.29933718480169774
0.29026859253644943
0.28020900301635265
0.2717205248773098
0.26344496831297876
0.2548499178141356
0.248054588586092
0.23955789990723134
0.2338146883994341
0.22592716105282307
0.22011252939701081
0.2146560736000538
0.20879783518612385
0.20246197730302812
0.19671212285757064
0.1917758494615555
0.18695144727826118
0.18099019154906273
0.17791120260953902
0.17304799556732178
0.1686267690733075
0.1657899796962738
0.16144262868911027
0.1576695039868355
0.1535924630239606
0.15321671813726426
0.14741942007094622
0.14442362058907748
0.14089203700423242
0.13907220717519522
0.1377170216292143
0.13524651229381562
0.13107530064880848
0.127988688275218
0.12698445301502942
0.12448680717498065
0.12258648164570332
0.12045988440513611
0.11859274618327617
0.11785408277064562
0.11395400501787663
0.11288706306368113
0.11140572540462017
0.10958392936736346
0.1090152371674776
0.10605659950524568
0.10828242544084787
0.10587951485067607
0.10106894206255675
0.10062678623944521
0.1013520055450499
0.1014434777200222
0.0952431095764041
0.09192471588030457
0.09138444531708956
0.0906852931715548
0.09046705355867743
0.08958269637078047
0.08782585402950645
0.08864897480234504
0.088599793612957
0.08792209168896079
0.08525290852412581
0.08636862207204103
0.08484046114608645
0.08518865155056118
0.082528355717659
0.0839177742600441
0.08199754003435374
0.08086969777941704
0.08126553194597363
0.08594902642071248
0.0834571972489357
0.08107530176639557
0.07998808920383453
0.0799111713655293
0.07829013774171471
0.07572787422686815
0.07845351612195373
0.0756110668182373
0.07837138716131449
0.076476323697716
0.07526819976046681
0.07612447738647461
0.07651894669979811
0.07499504014849663
0.07592334169894457
0.0763185310177505
0.07681383835151792
0.07417864678427577
0.07610197272151709
0.07415832560509443
0.07473131036385894
0.07333179423585534
0.0735065931454301
0.07243676101788879
0.07520859483629465
0.07644359339028597
0.07364473817870021
0.07600582633167505
0.07287410348653793
run 6
model 0
0.1088048754259944
0.09059855528175831
0.0806530793197453
0.08082461161538959
0.07559358743019402
0.07516045030206442
0.07304884912446141
0.07297779568471015
0.0734954652376473
0.07500233801547437
0.07600558991543949
0.07680540205910802
0.07824978854041546
model 1
0.15115664582699537
0.12180345114320516
0.10417025294154883
0.09130116067826748
0.08464461378753185
0.07940878877416253
0.07499368572607637
0.07282149530947209
0.07308465167880059
0.07060941578820348
0.0709344937466085
0.06906084641814232
0.06872426699846983
0.06995291584171355
0.06913080001249909
0.06990330470725895
0.0698307091370225
0.07016986799426377
model 2
0.2590631261467934
0.22116948068141937
0.19335707165300847
0.1730300560593605
0.1579822089523077
0.1444398794323206
0.13451241403818132
0.12474408894777297
0.11742089223116636
0.11033159159123898
0.10582580678164959
0.10126331672072411
0.09689199533313513
0.09340970385819673
0.08918214160948992
0.08756063813343644
0.08419112088158727
0.08217357080429792
0.0800456503406167
0.07992940228432417
0.07804537573829293
0.07758677313104272
0.07476560873910784
0.07551100077107549
0.0739894039928913
0.07194151636213064
0.07170207286253572
0.07168980445712805
0.07041541375219822
0.07014432922005653
0.07106999093666673
0.07099572159349918
0.06796473553404211
0.06963879438117146
0.0702145523391664
0.06835590889677405
0.0691047701984644
0.06965079065412283
model 3
0.4300669878721237
0.38721474930644034
0.3383951231837273
0.3146217592060566
0.29895567521452904
0.28780585527420044
0.2719857197254896
0.25902954041957854
0.24868824034929277
0.2397257700562477
0.23024564869701863
0.2210969239473343
0.2126758836209774
0.20599110722541808
0.19837279431521893
0.19249883107841015
0.18575509935617446
0.18116306588053704
0.17496852651238443
0.1709391988813877
0.16451270878314972
0.16058881357312202
0.15511982925236226
0.15014116540551187
0.1464692834764719
0.14204835314303638
0.13896495644003154
0.1347470683977008
0.1311672620475292
0.1287008725106716
0.12636982202529906
0.12600175365805627
0.12207656800746917
0.11681055966764689
0.11702723782509565
0.11332014463841915
0.11081189438700675
0.10889637973159552
0.10648726914077997
0.10494327358901501
0.10420071817934513
0.10222027655690909
0.09909851606935263
0.09893608298152685
0.0974531127139926
0.09626759439706803
0.09551573097705841
0.09447799306362867
0.09158182675018907
0.09025903176516295
0.08961072154343128
0.08934833239763976
0.08675313461571932
0.08642787877470255
0.08459390848875045
0.08359481990337372
0.0831874399445951
0.0809548488818109
0.08013578774407507
0.08221047800034284
0.07956178775057196
0.07947364822030067
0.07883435599505902
0.07916769739240408
0.0784585635177791
0.07763085821643471
0.07815846176818013
0.07664880892261863
0.0737584293819964
0.07196295363828539
0.07185535011813045
0.07205809690058232
0.0730555821210146
0.07283612200990319
0.07287173494696617
0.07095490647479892
0.07468969374895096
0.06592274159193039
0.06789086200296879
0.06697239419445396
0.06745603447780013
0.0680803575553
0.06710234964266419
run 7
model 0
0.12135211881250144
0.10158785358071327
0.09371412228792905
0.08838578779250383
0.08093512356281281
0.07755574993789197
0.07680792473256588
0.07477274816483259
0.07641266798600554
0.07689405181445182
0.07849821415729821
0.07888303673826158
0.0801208118442446
model 1
0.17369200326502324
0.14066573418676853
0.12110378239303828
0.11019898522645236
0.10037432722747326
0.0953731020912528
0.08828617446124554
0.08409917652606964
0.0808830326423049
0.07743678772822023
0.07786169657483696
0.07594957007095218
0.07595330169424415
0.07692313827574253
0.07741773268207908
0.07385226478800178
0.07410556580871344
0.07520894221961498
0.07493638582527637
0.07466831682249904
0.07484435327351094
model 2
0.3099796548485756
0.275921618565917
0.2536111954599619
0.23541406951844693
0.21993543542921543
0.20532283261418344
0.19360550343990326
0.18324699364602565
0.17263153344392776
0.16462575942277907
0.15637930147349835
0.1497331390157342
0.14374900441616772
0.13910263180732726
0.13267140407115222
0.1285031396895647
0.12445367518812418
0.12059028390794993
0.11732394881546497
0.11316929012537003
0.10961244758218527
0.10750682596117259
0.10573270972818136
0.10397549103945494
0.10270657446235418
0.10116798281669617
0.09857440181076527
0.09469509329646826
0.09583261515945196
0.09347404027357697
0.09402554985135794
0.09118446800857782
0.08964834539219738
0.08878853227943181
0.08826383324339986
0.08703513275831938
0.09161456525325776
0.08706081174314022
0.08631607200950384
0.08690323093906045
0.08683678107336164
0.08676892593502998
0.08754544416442514
0.08499905578792095
0.08273130534216762
0.08640262223780155
0.08552218955010175
0.07925858963280916
0.08234672443941235
0.08225031653419138
0.08183682942762971
0.08542834110558033
0.08361862795427441
model 3
0.32161751613020895
0.28626476414501667
0.264430471137166
0.2455244030803442
0.23022474199533463
0.21578107625246049
0.20421709045767783
0.20036414973437786
0.18160742633044719
0.1762606840580702
0.16405445151031017
0.15610587671399118
0.15063167233020067
0.14418681412935258
0.14161850996315478
0.13715804014354943
0.12907553520053625
0.12919256202876567
0.12177285961806775
0.1239948533475399
0.11836810875684023
0.11106120888143778
0.10804247129708529
0.10643125455826521
0.10366886835545301
0.10286386851221323
0.09948941711336375
0.09688896350562573
0.09789432547986507
0.09336836542934179
0.09293148014694452
0.09046142911538482
0.09113417379558086
0.08871587105095387
0.08528685327619315
0.08679554648697377
0.08667038958519697
0.08181221522390843
0.08510435298085213
0.08515691393986344
0.08689890038222074
0.07834751401096582
0.0832599475979805
0.08249678909778595
0.07606919184327125
0.07689087297767401
0.07449146686121821
0.07687319023534656
0.0760357071645558
0.08083257498219609
0.072678398527205
0.07249998012557626
0.07295450689271092
0.0727906810119748
0.07306218715384602
0.06865117540583014
0.06986330868676305
0.07384245125576853
0.06792266434058547
0.06768622957170009
0.06801277147606015
0.06827935026958584
0.0664616810157895
0.0666817132383585
0.0700821753591299
0.06794571978971362
0.06705118203535676
0.06592255467548966
0.06390527281910181
0.06632561916485429
0.06504155769944191
0.06503077493980527
0.06394250374287366
0.06657789014279843
run 8
model 0
0.10976740326732397
0.09481861861422658
0.08597455862909556
0.08895319383591413
0.07616219539195299
0.07733454932458698
0.07358530587516725
0.07531938846223056
0.07609800491482019
0.07777114768978208
0.07842407594434916
0.08061683143023401
model 1
0.20816124342381953
0.16931090056896209
0.14632074236869813
0.12758577689528466
0.11862441785633564
0.10839968863874674
0.09862706046551466
0.09556174222379923
0.08918232768774033
0.08795812157914043
0.0853035656735301
0.08495618943125009
0.0839201269671321
0.0815199276432395
0.08327477499842643
0.08553559761494398
0.08200792502611876
0.08185989372432231
0.08206761255860329
model 2
0.2989532630890608
0.2574371132999659
0.22886796854436398
0.20786472037434578
0.18818152360618115
0.1731095254421234
0.16161298900842666
0.150078259781003
0.14086580630391837
0.13196784760802985
0.12462237644940614
0.11823881808668375
0.11487367618829011
0.10884887333959341
0.10491337329149246
0.10028770621865987
0.09740269426256418
0.09506787676364184
0.09156148061156273
0.08929886519908906
0.08793188463896513
0.08537418954074383
0.08354329597204924
0.08325565839186311
0.08210938209667802
0.08002559058368205
0.07907205512747169
0.08088735835626722
0.07797859692946077
0.07809589942917228
0.07739901905879379
0.07666959231719375
0.07662803921848535
0.07777126897126437
0.0758575594983995
0.07713322229683399
0.07494538417086005
0.07332342667505146
0.07441763645038009
0.07344408044591547
0.07671826677396894
0.07399811716750264
0.07354272166267037
model 3
0.28188262283802035
0.2547221310436726
0.23080886341631413
0.21242796145379544
0.19675439447164536
0.1852693073451519
0.17230911403894425
0.16269855611026288
0.15362903736531736
0.14655190594494344
0.13938678931444884
0.13357739467173815
0.1272816900163889
0.12306505031883716
0.11850542556494474
0.11392674706876278
0.11031106356531381
0.10573959220200776
0.10247796699404717
0.09971385095268488
0.09761744197458029
0.0949658252298832
0.09146977961063385
0.08935365099459887
0.08719755448400975
0.08523020464926959
0.08309783432632685
0.08225540276616812
0.08131160419434309
0.07971008019521833
0.07799592530354857
0.07618963439017534
0.0755211926996708
0.0740193786099553
0.07460206700488925
0.07148776911199092
0.0716134199872613
0.07015279456973075
0.07044766433537006
0.07015699557960034
0.06817841893061996
0.0679386836476624
0.06836177185177802
0.06688538426533341
0.06871457947418094
0.06397715779021382
0.06529739806428551
0.06474743289873004
0.06511032590642571
0.06336066145449877
0.06411959677934646
0.062390640005469324
0.06254489636048674
0.06253565875813365
0.06338902162387967
0.06179595123976469
0.060285423323512076
0.05998205924406648
0.06074095806106925
0.06189878946170211
0.06086746845394373
0.05993016315624118
0.06077276831492782
0.06033711889758706
0.060063636675477025
0.05995498364791274
0.06081083845347166
run 9
model 0
0.10711113531142473
0.09094013711437583
0.08224779712036252
0.0830917471088469
0.081998853944242
0.07671170970425009
0.07312703365460038
0.07421208042651414
0.07531973086297512
0.07673813821747899
0.07788657993078232
0.07911266200244427
model 1
0.218169778957963
0.17521324343979358
0.14545572213828564
0.12673580255359412
0.11263342387974262
0.10314781870692968
0.09592136219143868
0.09064297433942556
0.08728344300761819
0.08364595668390393
0.08241405375301838
0.08203910943120718
0.07878485508263111
0.07725837612524629
0.07770542548969388
0.07724789762869477
0.07615219037979841
0.07736065993085503
0.07646893840283156
0.07728763855993748
0.07766597759909928
0.07815349232405425
model 2
0.35751774087548255
0.3131589561700821
0.2822615519165993
0.2594767343252897
0.237619411572814
0.22221739180386066
0.20508006997406483
0.1928892157971859
0.18076402842998504
0.172015181183815
0.16231563463807105
0.15352675914764405
0.146677727624774
0.14130959939211607
0.13426565807312726
0.1312814513221383
0.1242496345192194
0.12151643857359887
0.11576859019696713
0.11241741478443146
0.11212091110646724
0.10604832917451859
0.10375284589827061
0.10157542955130339
0.0992095435038209
0.0955543115735054
0.09734369870275258
0.09377654064446687
0.09445669837296009
0.08955577593296767
0.0891396164894104
0.08838854897767305
0.08726449813693762
0.08606087146326899
0.08588384110480547
0.0848515274003148
0.0828552502207458
0.07768786381930112
0.07905684122815729
0.07927218312397599
0.08355737682431937
0.08083454295992851
0.08170322952792049
model 3
0.3500630557537079
0.30055768564343455
0.27441095262765886
0.2579222578555346
0.24301853105425836
0.23049443997442723
0.21933688335120677
0.20994991287589074
0.20008237138390542
0.1912810020148754
0.18509860448539256
0.17613236904144286
0.16992364600300788
0.16327357441186904
0.15883751809597016
0.1534517899155617
0.14737179279327392
0.14383572712540627
0.14059101641178132
0.1344562292098999
0.13225199468433857
0.12691928930580615
0.12548169028013945
0.12178037017583847
0.11669113729149103
0.11513810902833939
0.11365312654525042
0.10969115383923053
0.107866071164608
0.10472205579280854
0.10549539420753717
0.10163775160908699
0.10053164046257734
0.09832438733428717
0.09658746216446161
0.0947697477415204
0.09211268946528435
0.09119440037757158
0.08899355940520763
0.09072850868105889
0.08924454580992461
0.08582939207553864
0.08544050930067897
0.08674047039821745
0.08350010858848692
0.08223356027156115
0.08283691853284836
0.08289594734087587
0.08153275810182095
0.07752078520134091
0.07783120423555374
0.07745674718171358
0.07633677497506142
0.07612018641084432
0.07481590937823057
0.07581931129097938
0.07490856554359197
0.07403129357844591
0.07500199442729354
0.07335467468947172
0.07320875208824873
0.0718964073807001
0.07004544334486126
0.07068048333749175
0.07126775830984115
0.07142857424914836
0.07002283008769154
0.0696021261624992
0.07087559858337045
0.0687235881574452
0.06920962678268552
0.06857560351490974
0.06890990464016795
0.06783200046047569
0.0687841223552823
0.06880858037620782
0.06721471352502703
0.06793882194906473
0.06732374792918563
0.06745750773698092
0.06786777758970856
0.06702542332932353
0.06542342314496637
0.0672802641056478
0.06514244368299842
0.06548253549262881
0.06513629648834467
0.0668754493817687
0.06453638998791575
0.06607654942199588
0.06659255856648087
0.06602325830608606
0.064982008934021
0.06330402037128806
0.06501643816009164
0.06518824235536158
0.06538902833126485
0.06392164798453451
0.06490794848650694
