run 0
model 0
0.1298420013859868
0.10155537761747838
0.08348133573308587
0.08599703535437583
0.07529609398916363
0.07402908504009247
0.07284716200083494
0.07017413210123777
0.07413524743169546
0.07803075965493918
0.0704224256798625
0.07308022677898407
0.07361980713903904
model 1
0.08651283998042344
0.06815953124314547
0.06464230008423329
0.06552803963422775
0.06107774330303073
0.06650859685614705
0.06398478839546443
0.06393369166180492
0.06617090618237853
0.060949410684406756
0.059002562612295154
0.06418665898963809
0.06344083924777806
0.062204252323135735
0.0580560689792037
0.06438759146258236
0.06618352709338068
0.059266596427187325
0.06287907818332314
0.06809124569408595
model 2
0.18061835914850236
0.09473573192954063
0.0721432932652533
0.06489469734951854
0.06222866112366319
0.05670533692464232
0.0593391764909029
0.05391611224040389
0.055915756290778516
0.05650333072990179
0.06322171483188868
0.05969102317467332
0.05434852824546397
model 3
0.48970168009400367
0.4475895829498768
0.4182304434478283
0.39890459179878235
0.3814282663166523
0.36788133084774016
0.3530187882483006
0.33968318402767184
0.3265685074031353
0.3150200791656971
0.3053483352065086
0.2953989110887051
0.28485828153789045
0.2749881599098444
0.2662399623543024
0.25793701857328416
0.2483035534620285
0.24120254218578338
0.23330167904496193
0.22674190253019333
0.22108826376497745
0.21321708112955093
0.20778653621673585
0.2012790407985449
0.19673468321561813
0.1913205824792385
0.18643723540008067
0.18005009554326534
0.1753690540790558
0.17276963032782078
0.16765536796301603
0.16340774148702622
0.1617216531187296
0.15671881642192603
0.15275843236595393
0.149421389400959
0.1470088144764304
0.14318521413952112
0.1390685472637415
0.13755323458462954
0.1349660150706768
0.13115547504276037
0.12924374006688594
0.12864935323596
0.12305716536939144
0.11991377025842667
0.1197501016780734
0.11639214679598808
0.11605239845812321
0.11264223232865334
0.111179712228477
0.10906981881707907
0.10801325682550669
0.10508809313178062
0.10450242646038532
0.10316167622804642
0.10169556252658367
0.10106957256793976
0.09740900341421366
0.09667050410062075
0.09513248279690742
0.09258511494845152
0.09454185683280229
0.09025023439899087
0.0933514205738902
0.09149180455133318
0.08765364531427622
0.08660409254953265
0.08695980804041029
0.08683957429602743
0.0834093832410872
0.08319579428061843
0.0846589240245521
0.0809976120479405
0.0854960241355002
0.08013645447790622
0.07911271434277296
0.07785482332110405
0.07636608155444265
0.07869207859039307
0.07722346298396587
0.07432772312313318
0.076044618524611
0.07487825527787209
0.07507160315290093
0.07410357026383281
0.07229270525276661
0.07138614831492304
0.07039746968075633
0.07175014801323414
0.06893192799761891
0.06892045671120287
0.07135811783373355
0.06898087337613105
0.06693445807322859
0.06715011931955814
0.06718561928719283
0.06750139752402902
0.06872496139258147
0.06612685592845083
0.06521776346489787
0.06428324040025472
0.06543616773560643
0.06580656580626965
0.06285119773820043
0.06597216092050076
0.06375547163188458
0.06239734515547753
0.062295968551188706
0.06329366825520992
0.06325345048680901
0.06263283304870129
0.06007496295496821
0.061087125167250636
0.06362679610028862
0.06499579902738332
0.062189985904842614
0.05985537189990282
0.06250283820554614
0.05912090130150318
0.061625858023762706
0.06062929155305028
0.05966268852353096
0.06057047080248594
0.06065595373511314
run 1
model 0
0.13418213408440352
0.09260364519432188
0.08087940197438001
0.08169818045571446
0.0733122800476849
0.07395041659474373
0.0774975405074656
0.07349643362686038
0.07007757863029837
0.06733876690268517
0.07582629919052124
0.08187686707824468
0.07277223225682974
0.06755087245255709
0.06951471818611026
model 1
0.10191530976444482
0.07077067727223038
0.06473464611917734
0.05980964433401823
0.05963936578482389
0.05842496957629919
0.057988403271883725
0.05942453946918249
0.05958677707239986
0.06013170192018151
0.05593934231437743
0.05163281951099634
0.061348861735314134
0.05415643197484314
0.060898824315518144
0.05295695378445089
0.056789611279964444
model 2
0.21003870032727717
0.1025296252220869
0.074012222699821
0.0629441107623279
0.06022261893376708
0.062339223083108665
0.05330842570401728
0.05410482008010149
0.05276182033121586
0.04962822790257633
0.0520784443244338
0.05199818504042923
0.05116111617535353
0.05224024616181851
0.051885872567072513
model 3
0.3940438240766525
0.35297439321875573
0.32597980946302413
0.3043894276022911
0.2868253801018
0.26932641565799714
0.2557206477969885
0.24090355336666108
0.23031789436936378
0.22274231873452663
0.21038541272282602
0.20017820075154305
0.19218114502727984
0.181587540730834
0.17933269012719394
0.16736577562987803
0.16358321215957403
0.1555498752743006
0.15239380877465009
0.14512628372758626
0.14032218586653472
0.13654915243387222
0.13199956864118575
0.13705434054136276
0.12426817677915096
0.12499574404209852
0.12154136560857295
0.11427029836922883
0.1174165928736329
0.11091327182948589
0.10925801526755094
0.1097332026809454
0.10291235838085414
0.10332596059888602
0.09843087978661061
0.09704590626060963
0.09870768077671528
0.09398488532751799
0.09335704296827316
0.09094296135008335
0.08966591618955136
0.08837986793369054
0.08887150771915912
0.08835005573928356
0.08533289721235633
0.08376942267641425
0.08249999275431037
0.0803950578905642
0.08025656221434474
0.07994766915217041
0.08571254396811127
0.08031991813331843
0.08103068824857473
0.07603604048490524
0.07419155137613416
0.0749460481107235
0.07486335802823305
0.07438238896429539
0.07601627428084612
0.0748467106372118
run 2
model 0
0.11931474413722754
0.10088188294321299
0.08476696461439133
0.08161782585084439
0.08009913098067045
0.08956535598263145
0.07609191294759513
0.0770649348385632
0.07152397893369197
0.07295303381979465
0.07706935489550233
0.07785602482035756
0.07502303961664439
0.07646864829584957
model 1
0.0842150455340743
0.06526433238759637
0.06035235365852713
0.05957540404051542
0.060427709203213456
0.06022752206772566
0.05576706370338798
0.05630037058144808
0.05902998633682728
0.05540021834895015
0.05336927026510239
0.05752221839502454
0.05413300152868032
0.0532372061163187
0.050977312959730625
0.05211949977092445
0.05406552664935589
0.051154370233416555
0.05296004302799702
0.06467679953202606
model 2
0.18880444578826427
0.11941306293010712
0.08611448593437672
0.06548371501266956
0.0618371126241982
0.05800191201269626
0.05447591301053763
0.054026283975690606
0.052466663904488085
0.05539584904909134
0.05907119177281857
0.054461151640862224
0.05105928955599666
0.054995755199342966
0.051847686525434256
0.0519462535623461
0.05233577112667263
0.04897034266032278
0.04853201336227357
0.052021898608654735
0.05068787978962064
0.047062316443771124
0.05348792220465839
0.047753619588911535
0.04826391716487706
0.05176925165578723
0.049628890585154295
model 3
0.3155414737761021
0.28568294979631903
0.26366609781980516
0.24650232940912248
0.23268252834677697
0.22004778310656548
0.20879808105528355
0.19960614256560802
0.19065331853926182
0.17986600920557977
0.17192913144826888
0.16575033068656922
0.1624518245458603
0.1669002588838339
0.15109445936977864
0.14272503443062307
0.1380823113024235
0.13430452421307565
0.13438100200146436
0.1262504892423749
0.12824929766356946
0.12000814154744148
0.12046514749526978
0.11541900765150785
0.11324356775730848
0.11643294487148523
0.10779362320899963
0.10551428254693747
0.10242795571684837
0.10389031004160643
0.0984723798930645
0.09689617604017257
0.09502208661288022
0.0942463107407093
0.09388297852128744
0.09297242406755686
0.09051950946450234
0.08925030790269375
0.08859268762171268
0.08898331578820944
0.08868429344147444
0.08252672115340828
0.08827098561450838
0.08307154783979058
0.08249855786561966
0.08251269990578294
0.08152577970176936
0.07996504437178373
0.07886344976723195
0.07885596808046103
0.07795730736106635
0.07597765745595098
0.0748313452117145
0.07584470277652144
0.07436224212870002
0.07318951413035393
0.07354991119354963
0.07238162504509091
0.07352471454069018
0.07266324879601598
0.0712141340598464
0.07128074103966356
0.07316064508631825
0.0693960340693593
0.07069071279838682
0.07132610017433763
0.06747660106047988
0.06907061645761133
0.06986016696318983
0.07163374060764909
0.06692612869665027
0.0702604097314179
0.06847689365968108
0.06967846630141139
0.06763923447579145
0.06812041010707617
run 3
model 0
0.12085689743980765
0.09982747323811055
0.08389103161171078
0.08668578984215855
0.08403736259788275
0.07517082383856177
0.07031223066151142
0.07216093968600035
0.07549756830558181
0.07185339387506247
0.07652548970654607
0.07053731139749289
model 1
0.09204123299568892
0.07306327344849706
0.06523040374740958
0.06560511020943523
0.06238256711512804
0.06421215534210205
0.057437760196626185
0.061668347707018255
0.06337940730154515
0.0615044804289937
0.05857213414274156
0.05602108831517398
0.05955585958436131
0.06006926586851478
0.059641920123249294
0.06049534063786268
0.054463654896244405
0.06453517964109778
0.05770392385311425
0.06098742326721549
0.05408705389127135
0.05823756451718509
0.05459924908354878
0.057234855461865665
0.06083439467474818
0.059171252558007835
model 2
0.15221098996698856
0.08539610616862774
0.07135599059984088
0.06912113968282937
0.07285757632926107
0.06309779640287161
0.06127846455201506
0.06219495483674109
0.060741344233974814
0.05699294162914157
0.06735793612897396
0.05962011897936463
0.0608853240031749
0.06020453423261642
0.06195394997484982
model 3
0.43816988468170165
0.39226519837975504
0.36517608538269997
0.34291173815727233
0.32391454800963404
0.30737525373697283
0.2922508168965578
0.2787542071193457
0.26585692800581456
0.25396478548645973
0.2440520640462637
0.23450176417827606
0.2246471893042326
0.2148879837244749
0.20783919729292394
0.19970884397625924
0.19376301504671573
0.18649880364537239
0.17976548671722412
0.17374179437756537
0.16742724664509295
0.16360763795673847
0.15713217612355948
0.15258190631866456
0.1497953163459897
0.14411448929458856
0.14010514300316573
0.13636920899152755
0.13503459207713603
0.1295028429478407
0.1251030707731843
0.12306745685636997
0.12201204877346754
0.1204714784398675
0.11765331719070674
0.11163411159068345
0.11174376122653484
0.10841948073357344
0.10670383125543595
0.10525668859481811
0.10408232547342777
0.10089340209960937
0.09722384214401245
0.0963057953864336
0.0967097656801343
0.09252540189772844
0.09158907178789377
0.0893158184364438
0.09013697635382414
0.08949779625982046
0.08860118463635444
0.08959257071837783
0.08534249123185873
0.0828197056427598
0.08150171041488648
0.08215971458703279
0.08021622505038976
0.07854343578219414
0.0768896977417171
0.07844346184283495
0.0792694422416389
0.07559845028445125
0.07374052302911878
0.07425372945144773
0.07356669083237648
0.07156471898779274
0.0712441572919488
0.07146952170878648
0.06952700288966299
0.07213454088196158
0.07292345585301518
0.07160207414999605
0.06790410531684757
0.0678238377906382
0.06703408993780613
0.06648219162598253
0.06727031720802187
0.06400309922173619
0.06503927642479539
0.06678319647908211
0.06861877515912056
0.06515731755644083
0.06330465553328395
0.0652254868298769
0.06467806017026305
0.06405096799135208
0.06248665265738964
0.06289720386266709
0.06237462069839239
0.06261651618406176
0.06324660805985331
0.062128914147615434
0.06282777208834886
0.061203569266945125
0.0625658268108964
0.05918390676379204
0.062366448994725945
0.058358948398381474
0.060396513994783164
0.059455510973930356
0.059986445028334855
0.05998879428952932
0.058121154364198443
0.058729672152549026
0.05902080778032541
0.059403115324676035
0.05754975946620107
0.058877327013760805
0.05743039473891258
0.056759591959416864
0.05797667670994997
0.059495069272816184
0.058460540045052765
0.055910049844533204
0.05642194226384163
0.05620215805247426
0.054950814507901666
0.05699736457318068
0.05929053081199527
0.05587554657831788
0.05632189828902483
0.058563075680285695
run 4
model 0
0.1421466251835227
0.09300052570179104
0.09073026794940234
0.08929545106366277
0.07324194237589836
0.0884034939110279
0.07674809880554676
0.06829888802021741
0.07255539838224649
0.07405136507004499
0.08033249005675316
0.08238441953435541
0.07918539093807339
model 1
0.08843730418011546
0.07050575856119394
0.0646014698781073
0.062260205019265415
0.058487069606781
0.057989835971966386
0.058792447112500666
0.06042093718424439
0.055055285897105934
0.062005748599767686
0.055062926933169366
0.05528276301920414
0.05221778769046068
0.05522092138417065
0.05320572438649833
0.05250067310407758
0.05138830807991326
0.05349068441428244
0.05483096754178405
0.05733043067157269
0.05546862608753145
0.05053179087117314
0.05691152950748801
0.05659769615158439
0.05712053319439292
0.0548438882920891
0.05514178336597979
model 2
0.25950476713478565
0.12645872235298156
0.08734214771538973
0.07089398875832557
0.06729340329766273
0.06290336977690458
0.05980230001732707
0.058031640760600564
0.060202366299927236
0.05769353453069925
0.06036682864651084
0.057161439955234525
0.053798761870712045
0.05533359935507178
0.05709853605367243
0.05841234028339386
0.056432503182440995
0.062001821119338274
model 3
0.2826867874711752
0.2577465377748013
0.23893776684999465
0.22508180923759938
0.21212792173027992
0.20051878318190575
0.1907669860869646
0.18712820783257483
0.17657044045627118
0.17118273824453353
0.16164844147861004
0.15607265289872885
0.15041734669357537
0.14512443337589503
0.14053229726850985
0.13523440826684235
0.13379514329135417
0.13027219232171774
0.12497764993458986
0.12245863117277622
0.1178642837330699
0.11592693272978068
0.11351509336382151
0.1129773736000061
0.11140625029802323
0.10655645560473204
0.10551121383905411
0.1030273087322712
0.10488500501960515
0.0994757091626525
0.09801780767738819
0.09653336852788925
0.09537230525165796
0.09343901313841343
0.09192887172102929
0.09440073147416114
0.09774886732921004
0.09197085220366716
0.09026611968874931
0.0876664680428803
0.08459926238283515
0.0853317474015057
0.08344603590667247
0.08102527810260654
0.08678775122389197
0.08216212959960104
0.07885267427191138
0.08062336686998606
0.07810933608561754
0.07856790404766797
0.07682199273258447
0.07857045624405146
0.08440195452421903
0.0765851179137826
0.07766974652186036
0.07400136608630418
0.07256139162927866
0.07592676039785147
0.07543300101533532
0.07402106393128634
0.07231973418965935
0.07121819099411368
0.07244730787351727
0.07358168978244066
0.07007964169606566
0.0705853027291596
0.06895081289112567
0.06973763518035411
0.06849971916526557
0.07046845266595483
0.07074683355167508
0.07118262005969882
0.06949552530422806
0.06849692584946751
0.07115240730345249
0.0671670351177454
0.06779980668798088
0.06990879736840724
0.0660464296117425
0.07144558168947697
0.06796630294993519
0.06796307349577546
0.06805231273174286
0.07028254372999072
run 5
model 0
0.1280129285529256
0.08583793276920915
0.08881357526406645
0.08451530802994967
0.07491109482944011
0.07078573694452643
0.07788617722690105
0.07068280037492514
0.09152356497943401
0.07342325914651156
0.0732467157766223
0.07597869979217649
0.0693437154404819
0.07351286429911852
0.07252785293385386
0.07093380857259035
0.06535344384610653
0.07531541679054499
0.0762849465943873
0.07910623587667942
0.08579619564116
0.07068662093952298
model 1
0.0845434988848865
0.06854266868904232
0.07221907284110785
0.0655588516034186
0.05643917005509138
0.0626814303919673
0.05507813030853868
0.057602348178625105
0.05306548504158855
0.05570726040750742
0.052153555070981385
0.05253267725929618
0.05963759301230311
0.05524610406719148
0.052463193982839586
0.05580708673223853
model 2
0.207864885404706
0.13123612776398658
0.10299394745379686
0.09118796149268746
0.08411056995391845
0.08299934212118387
0.0755126267671585
0.07545761996880174
0.07665673308074475
0.06941915843635797
0.06809454374015331
0.06573541075922548
0.06719700554385781
0.06423562453128398
0.0685195216909051
0.0659458895213902
0.06388052012771368
0.06338348845019937
0.06700093932449817
0.06289087408222258
0.06303049591369927
0.06558291548863053
0.06023249393329024
0.06185019556432962
0.06504604797810316
0.060851349402219056
0.061316214688122275
0.0651159888599068
model 3
0.4058410137891769
0.37046527713537214
0.34542242884635926
0.32231929451227187
0.30050665214657785
0.28092955946922304
0.2661290630698204
0.2522764567285776
0.2421928323805332
0.2283242531120777
0.217551002278924
0.20911235362291336
0.1987261850386858
0.1904853630810976
0.18268259838223458
0.17558346539735795
0.16918911412358284
0.16642334051430224
0.15964543875306844
0.15830341447144747
0.1528161907568574
0.1476172799244523
0.1436709439381957
0.13583191260695457
0.13160796631127597
0.12921443190425635
0.1290739431977272
0.12727325186133384
0.12131705172359944
0.11859542895108462
0.11646984387189149
0.11300991475582123
0.11149143651127816
0.1116552596911788
0.10693489704281092
0.10526153948158026
0.10704848133027553
0.1013693567365408
0.0983811628073454
0.09807724133133888
0.09500946700572968
0.09498983789235353
0.09442247413098812
0.09212776282802224
0.0879158915951848
0.08640567623078824
0.08557051243260502
0.08585743419826031
0.08482625223696232
0.0841697626747191
0.08451497927308083
0.07803398221731186
0.07922271434217691
0.08017580611631274
0.07974189603701234
0.0823811317794025
0.07551722154021263
0.07639241935685277
0.07723332978785039
0.07474698964506388
0.07401703940704465
0.07190926298499108
0.07365005230531096
0.07226275177672506
0.0718390703201294
0.06913428539410234
0.07186482464894653
0.06881902478635311
0.06879116464406251
0.07652401197701693
0.066762325912714
0.06586839919909834
0.06702805887907744
0.06608553221449256
0.06626028195023537
0.06379003450274467
0.06255251010879874
0.06423229165375233
0.06459004804491997
0.06597006972879171
0.06173651004210114
0.06501546613872052
0.06305614514276385
0.06205625189468265
0.06205857256427407
0.06496514780446887
run 6
model 0
0.12024362254887819
0.0943150108680129
0.08032909398898483
0.07402474731206894
0.07763280831277371
0.08084273776039481
0.07663228092715144
0.07185417339205742
0.0730429113842547
0.07211978696286678
0.07760667707771063
0.068291400000453
0.0731556186452508
0.07696110252290964
0.07294025244191289
0.070908934623003
0.07674929928034543
model 1
0.10421680156141519
0.0855349094606936
0.07519501578062773
0.07021964723244309
0.06120640374720097
0.060628889873623845
0.0604972611181438
0.059819235978648064
0.06360260238870978
0.06085835942067206
0.0586934463120997
0.06146139856427908
0.06071169804781675
0.0581167642492801
0.06181467548012733
0.054634685860946774
0.05877123605459929
0.06147803105413914
0.06704861223697663
0.05673819473013282
0.05732033820822835
model 2
0.18490748666226864
0.09797002486884594
0.07411040617153049
0.06609249981120228
0.06445394353941084
0.06072374889627099
0.05522412033751607
0.056065543089061975
0.05310638868249953
0.05237548742443323
0.053565713576972485
0.05916010057553649
0.053017222229391335
0.052245734119787814
0.051827063364908096
0.049806078895926476
0.058248882088810204
0.05061682849191129
0.05015949080698192
0.04867398580536246
0.05389832318760455
0.05514834015630186
0.051015480887144804
0.04921433641575277
0.047875384567305446
0.047233259119093415
0.046274218475446105
0.04700920134782791
0.049038277566432954
0.046852894313633445
0.04866043110378086
0.04695403855293989
model 3
0.26397269032895565
0.2302693549543619
0.20975814312696456
0.19468190036714078
0.18258136995136737
0.17185990326106548
0.1622920624911785
0.15378155373036861
0.14760129936039448
0.13933431915938854
0.13473279271274805
0.12759517561644315
0.12290797531604766
0.11797225829213857
0.11378481108695268
0.11127538755536079
0.10670251119881868
0.10310657192021608
0.09828844666481018
0.09696734882891178
0.0947059478610754
0.09165974128991365
0.08882760778069496
0.08760180082172156
0.08629930578172207
0.08344154320657253
0.08172946386039256
0.07891598111018538
0.07800650643184781
0.0751938602887094
0.07373816668987274
0.07387715224176646
0.07145845415070654
0.07186883762478828
0.07341469330713153
0.0712399672716856
0.06823986228555441
0.06792377661913633
0.06659749150276184
0.06749474555253983
0.06544704353436828
0.06535058058798313
0.06537214089184999
0.06348151052370668
0.06321663483977318
0.06158111710101366
0.06092285430058837
0.06264367150142788
0.05974852945655584
0.05912812193855643
0.05885536465793848
0.05892581837251783
0.05970522165298462
0.05796155435964465
0.05953246299177408
0.05611584186553955
0.05676815519109368
0.05708145359531045
0.05843231612816453
0.05527487667277455
0.05770942317321896
0.05581217752769589
0.056169422529637816
0.060053468216210604
0.055985549185425046
run 7
model 0
0.1525580994784832
0.10124717829748989
0.08751121843233704
0.08694795724004507
0.07973339129239321
0.07865065177902579
0.07682227045297622
0.08263787925243378
0.07654915628954768
0.07105684634298086
0.07212625863030553
0.07257788553833962
0.07880043108016252
0.07482982147485018
0.0718633527867496
model 1
0.09058206332847477
0.06891622804105282
0.062436276488006114
0.06300323074683548
0.05754173081368208
0.05695197954773903
0.055982387904077766
0.057710105646401645
0.0561801821924746
0.051765285152941945
0.05793089997023344
0.05533310454338789
0.05584937557578087
0.06080395421013236
0.05669463258236647
model 2
0.19832005463540553
0.09596857521682978
0.07796622291207314
0.06264577666297555
0.05889880778267979
0.05603638645261526
0.05188559042289853
0.05274577531963587
0.05458271270617843
0.0538833967410028
0.051309016952291134
0.05032461718656123
0.05014606453478336
0.05199100482277572
0.051775463251397015
0.05226092506200075
0.05656796153634787
0.054491310846060514
model 3
0.3793935514986515
0.3286358222365379
0.30458260178565977
0.28478391394019126
0.2690433472394943
0.25556306801736356
0.24237486086785792
0.2303883835673332
0.21956661269068717
0.21061642952263354
0.2012215346097946
0.19114464484155178
0.18447470739483834
0.1777429472655058
0.17044466249644757
0.1651416040956974
0.15847690291702748
0.15456728376448153
0.14874667599797248
0.14281840696930886
0.1397174060344696
0.13353495821356773
0.13230055272579194
0.12940828017890454
0.12280807755887509
0.11977564617991447
0.11693494692444802
0.11358620673418045
0.11121812202036381
0.10761141572147608
0.10649592485278844
0.10628786701709032
0.1016947153955698
0.1010942306369543
0.09717402905225754
0.09708799943327903
0.09383365046232939
0.09377152230590582
0.09247162919491529
0.08911295291036367
0.09310466442257166
0.08634375669062137
0.0864012130536139
0.0831672552973032
0.08189880959689617
0.08138453364372253
0.07939248559996485
0.08029300477355719
0.07839700588956475
0.07587372530251742
0.075649309810251
0.07554315151646733
0.07712633237242698
0.07255065105855465
0.07287486093118786
0.07266442915424705
0.071997160743922
0.06923122126609087
0.07063152538612485
0.07051659366115928
0.06950051095336676
0.06755973026156425
0.06922063482925296
0.0676432190462947
0.06682056616991758
0.06429560761898756
0.06883502369746566
0.06625105226412416
0.06540336282923817
0.06410176074132323
0.06402373481541872
0.06598809147253633
0.06329444693401456
0.06222605993971229
0.06425171000882983
0.06386221870779991
0.059209686052054164
0.061994445789605376
0.06041607344523072
0.06146413907408714
0.06038492070510983
0.05840506982058287
0.05835489658638835
0.061515364050865176
0.05976241920143366
0.05973740899935365
0.05825471840798855
0.05714435400441289
0.05805878574028611
0.05628969930112362
0.05772105827927589
0.05934567591175437
0.05758409621194005
0.054730281513184306
0.056734401173889636
0.05770488455891609
0.05584961986169219
0.05511091649532318
0.05552193839102983
run 8
model 0
0.12566942274570464
0.09432228803634643
0.09287256132811308
0.08378856647759676
0.07843682849779725
0.08482541907578707
0.06943256687372923
0.07425615154206752
0.06612507486715913
0.0706609501503408
0.07137410650029778
0.0747340559028089
0.0732820589095354
0.07149197869002819
model 1
0.08870706260204315
0.0689145945943892
0.06288064820691944
0.060159937385469674
0.057170295435935256
0.05742611391469836
0.05745290145277977
0.056814269814640286
0.05619991403073073
0.06036381125450134
0.05468790493905544
0.05219554309733212
0.05775603204965592
0.05947160208597779
0.052874568151310086
0.05513551128096879
0.05419761729426682
model 2
0.20497806444764138
0.10517518129199743
0.08012956213206053
0.06859041536226869
0.06246019443497062
0.06210352731868625
0.058516307082027194
0.05775872124359012
0.05885039204731583
0.06151993041858077
0.056332920445129275
0.060355881601572035
0.05583424982614815
0.055798730812966824
0.05671027828939259
0.05493599334731698
0.05659283166751265
0.05372866834513843
0.05874584950506687
0.055379297398030755
0.056382256699725984
0.05367658757604658
0.05454286537133157
0.05718314005061984
0.0561579295899719
0.05305772265419364
0.05403315150178969
0.05351576963439584
0.05593272596597672
0.05418003369122744
0.05405886466614902
model 3
0.37205376774072646
0.32164931371808053
0.29510635808110236
0.27321728728711603
0.25763145722448827
0.2452204145491123
0.2330194391310215
0.222665761038661
0.21197746247053145
0.20298779383301735
0.19543654918670655
0.18872054666280746
0.1806420162320137
0.17309169322252274
0.16897779740393162
0.16203694678843023
0.1571667356416583
0.1523299368098378
0.14816597979515791
0.1440450606867671
0.14118806831538677
0.1344668261706829
0.13282091580331326
0.12660695444792508
0.12504397444427012
0.12129555996507406
0.1192134277895093
0.1157723143696785
0.11338453572243452
0.11274300683289766
0.10901769287884236
0.10593037288635969
0.1049757169559598
0.10173859037458896
0.10178948249667882
0.10151638183742762
0.09777391571551561
0.0961709026247263
0.09368664417415858
0.09384971670806408
0.09083278197795153
0.08892469629645347
0.08866333244368434
0.08668854022398591
0.08774005360901356
0.08435917515307664
0.08423593835905194
0.08120571449398994
0.0822597892023623
0.07963887266814709
0.08181556155905127
0.07934551211073995
0.0793046060949564
0.07703197915107012
0.07674661874771119
0.07553373724222183
0.0766421290114522
0.07525317752733826
0.07266796287149191
0.07517011081799865
0.07477748077362775
0.07147663775831462
0.07183307055383921
0.07097375886514783
0.07322491835802794
0.0717637449502945
0.069647316634655
0.07205393780022859
0.0695576106198132
0.06713244896382094
0.06973032588139176
0.06812699288129806
0.0685704817995429
0.06717376206070184
0.06575628956779837
0.06440921919420362
0.06595987863838673
0.06514838691800832
0.06354134660214186
0.06528584826737642
0.06566530708223581
0.0647530230693519
0.06615563128143549
0.06424221470952034
run 9
model 0
0.12178555587306619
0.09805073123425245
0.09069107482209801
0.08246258897706867
0.08152509806677699
0.07371635185554623
0.07945942562073469
0.0774894893169403
0.07354277241975068
0.06944211786612868
0.07635550852864981
0.07047884240746498
0.07123348983004689
0.0782600966282189
0.07546549113467335
model 1
0.09270968297496437
0.06830934127792716
0.07066042032092809
0.06028521852567792
0.06153217516839504
0.06356420684605837
0.059527288749814035
0.06397013096138834
0.06004372397437692
0.06810985067859292
0.07031108848750592
0.06372293531894684
model 2
0.21956225112080574
0.10738171637058258
0.07705689677968622
0.07229730673134327
0.06377430632710457
0.06124701518565416
0.05850178878754377
0.058684992231428625
0.05826636413112283
0.05788180362433195
0.05372523400001228
0.05451214062049985
0.05760513031855226
0.057954897778108715
0.0541386944707483
0.05420337524265051
model 3
0.49564076513051986
0.44629924222826955
0.422563498467207
0.4033491812646389
0.38562355786561964
0.3658191658556461
0.3506403170526028
0.33587639033794403
0.322552976757288
0.31030397340655325
0.29796857833862306
0.28760201260447504
0.27529535330832006
0.26860747002065183
0.2561682265251875
0.2494582548737526
0.2406355705112219
0.23643082454800607
0.23521395660936834
0.21864311918616294
0.21109521575272083
0.20542331896722316
0.1990482646971941
0.19186165370047092
0.19077664688229562
0.18214119374752044
0.18037451282143593
0.18036784678697587
0.1689676932990551
0.1668598957359791
0.16036021951586008
0.15854294262826443
0.15506172124296427
0.14981610253453254
0.1456955986097455
0.14340228084474801
0.13945325203239917
0.1361659400165081
0.13432195521891116
0.1323707303032279
0.12901231590658427
0.126215117610991
0.12505225986242294
0.12091549038887024
0.12002677507698536
0.11615993324667215
0.11437236536294222
0.11316910348832607
0.11011349856853485
0.11029677111655474
0.10732007399201393
0.10652358140796422
0.1045025648549199
0.10096456035971642
0.0948404198512435
0.09179216921329499
0.09093262609094381
0.09062619600445032
0.08960512559860945
0.08704585451632738
0.08436067644506692
0.08430350217968226
0.08370390217751264
0.08146350607275962
0.07997282044962048
0.08139749951660633
0.07891980707645416
0.07927795136347413
0.07873553978279232
0.07639941815286874
0.07594248177483678
0.07652018526569009
0.0740348861552775
0.07552625807002186
0.0740746097639203
0.07373825749382376
0.0713216757401824
0.07038967479020357
0.0699028735049069
0.06978308372199535
0.06924713561311364
0.06844016574323178
0.06863135825842619
0.06715911524370313
0.06887846067547798
0.06741204531863332
0.06751876985654234
0.06657035816460848
0.0648071481846273
0.06542758252471685
0.06397288208827376
0.0629130677320063
0.06314229844138027
0.06393628306686878
0.06360121266916394
0.06308211656287313
0.06182471178472042
0.060880787763744594
0.06316605797037482
0.06103265518322587
0.06224645134061575
0.06244203522801399
0.05987309543415904
0.05905635999515653
0.059997605811804536
0.0599824782460928
0.05897337570786476
0.06000024117529392
0.06090444158762694
0.05861460641026497
0.06069330554455519
0.057671849802136424
0.059606844838708636
0.060243360977619884
0.058986589312553406
0.05909994840621948
0.05868842834606767
