model 0
0.5262906193733216
0.47237095832824705
0.4426741361618042
0.42212681770324706
0.4050121188163757
0.3894305944442749
0.3750843286514282
0.3621222794055939
0.35205076932907103
0.34363306760787965
0.3368207037448883
0.3314687252044678
0.3267844319343567
0.3225140988826752
0.3188808023929596
0.3153180718421936
0.31154996156692505
0.30827826261520386
0.30559096932411195
0.3020829141139984
0.29933196902275083
0.2965095639228821
0.29420937299728395
0.2917169213294983
0.2893382430076599
0.28726361989974974
0.2844200789928436
0.28187482953071596
0.27791160345077515
0.2734033644199371
0.26889426112174986
0.2645752549171448
0.2615130066871643
0.25933281183242796
0.25709797739982604
0.25530933141708373
0.2537026107311249
0.25199735164642334
0.2502629220485687
0.24908770322799684
0.2471511721611023
0.2460357666015625
0.24420664310455323
0.24354541301727295
0.2419821560382843
0.24084758758544922
0.23934492468833923
0.23832724690437318
0.23716004490852355
0.23611294627189636
0.23493528366088867
0.2338086783885956
0.2328441858291626
0.23177685737609863
0.230285906791687
0.23008476495742797
0.22806915640830994
0.22732274532318114
0.22600021958351135
0.2249368131160736
0.2237323760986328
0.22273463606834412
0.22170522212982177
0.22074965834617616
0.2198091506958008
0.21867111921310425
0.2183247685432434
0.21709227561950684
0.21634464859962463
0.21499654054641723
0.21449427008628846
0.21339171528816223
0.21279690265655518
0.21149876713752747
0.21080647706985473
0.20967463850975038
0.20897072553634644
0.20765658617019653
0.2065672516822815
0.20556948482990264
0.20443052649497986
0.20419037640094756
0.2029476433992386
0.20212070047855377
0.20136669874191285
0.1999459981918335
0.19930598735809327
0.1983240246772766
0.19784431159496307
0.19683229327201843
0.19609134197235106
0.1950582593679428
0.19395933747291566
0.1932113766670227
0.19278420209884645
0.19193872511386872
0.1910119414329529
0.19039911031723022
0.18959803879261017
0.18850634694099427
0.18812589943408967
0.1875145763158798
0.18684163987636565
0.18549509048461915
0.1850680559873581
0.1840487986803055
0.18355810940265654
0.1830287605524063
0.18215560019016266
0.18125466108322144
0.18091204464435579
0.18068323731422425
0.17937503159046173
0.17914812862873078
0.17822056114673615
0.17758824527263642
0.17707590460777284
0.17641631066799163
0.17591246962547302
0.17524129450321196
0.17478556036949158
0.17402937710285188
0.17396418750286102
0.17222554683685304
0.1719981849193573
0.17110951244831085
0.17090165317058564
0.16992985010147094
0.16939847767353058
0.16903082132339478
0.1683926463127136
0.16804124414920807
0.16699821054935454
0.16692763268947602
0.1663360357284546
0.16576473712921141
0.16581283807754515
0.1649373561143875
0.16496071815490723
0.1629496693611145
0.16327728033065797
0.1626397341489792
0.16259196996688843
0.16246056854724883
0.16124068796634675
0.1615382432937622
0.15949256718158722
0.15976585149765016
0.15969015657901764
0.15884826481342315
0.15837873220443727
0.1584085702896118
0.15781137049198152
0.15734920501708985
0.15657087564468383
0.15625157654285432
0.15604402124881744
0.15551911294460297
0.15509114563465118
0.15459312200546266
0.15469254553318024
0.15378240942955018
0.1535397231578827
0.15321846008300782
0.1533237725496292
0.15260809659957886
0.1523072600364685
0.15174527168273927
0.1520869493484497
0.151116344332695
0.1503031611442566
0.14965212643146514
0.14923779368400575
0.148508220911026
0.14888562858104706
0.14791259467601775
0.14746452867984772
0.14780891835689544
0.14700017273426055
0.14691309928894042
0.14577507674694062
0.14572924077510835
0.1455905854701996
0.1446722388267517
0.14546636044979094
0.14477792978286744
0.14445708096027374
0.14422747790813445
0.14402385652065278
0.14335707426071168
0.14335299134254456
0.14263230562210083
0.1428648978471756
0.1428460121154785
0.14160875976085663
0.1420506000518799
0.14105481505393982
0.14140085875988007
0.1406385511159897
0.14005652964115142
0.14009085595607756
0.14057657420635222
0.13985149264335633
0.13922877311706544
0.13802835643291472
0.13833917081356048
0.13758620917797088
0.13865342140197753
0.13694122433662415
0.13722702264785766
0.13657082617282867
0.13626976311206818
0.13656154572963713
0.1363269120454788
0.135841765999794
0.1356521278619766
0.13584966361522674
0.13585300743579865
0.13517946302890776
0.13548981845378877
0.13547269403934478
0.13466595113277435
0.13515839576721192
0.1338912069797516
0.1345779687166214
0.13360931277275084
0.13383843302726744
0.1335747629404068
0.13356868624687196
0.133173868060112
0.13291775584220886
0.13272373974323273
0.13225553333759307
0.1325225740671158
0.13223812282085418
0.13176291584968566
0.13194576501846314
0.13100644946098328
0.13104002177715302
0.13100147247314453
0.13116115629673003
0.13013492226600648
0.13072436451911926
0.1300172120332718
0.13026969134807587
0.13014834821224214
0.12954533696174622
0.1290888875722885
0.1287000447511673
0.12922284603118897
0.12844868302345275
0.12904393076896667
0.12860271632671355
0.12820996940135956
0.12767595946788787
0.1278827965259552
0.1279136747121811
0.12736814618110656
0.12720703184604645
0.12687078416347503
0.12708680629730223
0.12652627527713775
0.12692812085151672
0.12665709853172302
0.1269482910633087
0.12583677470684052
0.12642644941806794
0.12643266916275026
0.12632313668727874
0.12547259032726288
0.12625649869441985
0.12459002137184143
0.12572728991508483
0.12446220517158509
0.12486905455589295
0.12478483319282532
0.12443949282169342
0.12436465322971343
0.12398795187473297
0.12445526123046875
0.12369822561740876
0.12443287372589111
0.1236414521932602
0.12334720492362976
0.12275214195251465
0.12354688346385956
0.12309571504592895
0.12302305400371552
0.12267163395881653
0.12270885407924652
0.12231379151344299
0.12263406217098236
0.12195361256599427
0.12284905314445496
0.12176422774791718
0.12168145775794983
0.1220740795135498
0.12159891426563263
0.12158378362655639
0.12158540487289429
0.12160028517246246
0.121370068192482
0.12157663404941559
0.1210085928440094
0.12127375304698944
0.12078567147254944
0.12054794132709504
0.12075460553169251
0.12055399715900421
0.12070105671882629
0.1202160120010376
0.12082205116748809
0.11995789706707001
0.120289745926857
0.11986530423164368
0.11945909559726715
0.1188427209854126
0.11958378553390503
0.11886944174766541
0.11883600950241088
0.11887532472610474
0.11823064386844635
0.11861025094985962
0.1180253803730011
0.11791362166404724
0.11800304353237152
0.11845302283763885
0.11731546819210052
0.11834135055541992
0.11770307421684265
0.11809721291065216
0.11781300008296966
0.11806419193744659
model 1
0.715388298034668
0.625424575805664
0.5516927361488342
0.4973348617553711
0.4589110970497131
0.4294184327125549
0.40507030487060547
0.38529896140098574
0.36899197697639463
0.3552026152610779
0.3439140558242798
0.3346859157085419
0.32827770709991455
0.32124162912368776
0.31650086045265197
0.3119607150554657
0.30728062987327576
0.3034113943576813
0.30008618235588075
0.2972763180732727
0.29435606598854064
0.29168360829353335
0.28906044363975525
0.28653826713562014
0.2846209228038788
0.2822486817836761
0.27982828617095945
0.2778160035610199
0.27611324191093445
0.27403759956359863
0.27262898683547976
0.2704000174999237
0.26857767105102537
0.2671260118484497
0.26516246795654297
0.263629150390625
0.26210956573486327
0.26044687032699587
0.25853734016418456
0.2569571018218994
0.2553334891796112
0.253973650932312
0.25187244415283205
0.25060014128685
0.2484230637550354
0.24707602858543395
0.24553462266921997
0.24388070702552794
0.24236401319503784
0.2412043333053589
0.2393718659877777
0.2384178578853607
0.2366922378540039
0.23566430807113647
0.23396649360656738
0.23277546763420104
0.2311552047729492
0.23026936650276184
0.22880768179893493
0.22787516713142394
0.2262093424797058
0.22517438530921935
0.2238953709602356
0.22294775843620301
0.2213484227657318
0.2204478919506073
0.21905537247657775
0.21835227012634278
0.21671511530876159
0.2158707320690155
0.21454715728759766
0.2135353982448578
0.21219142079353331
0.21141960024833678
0.21019330024719238
0.20920163989067078
0.20806564688682555
0.2068338394165039
0.20625131130218505
0.20496405363082887
0.20405446588993073
0.20323396027088164
0.20194051563739776
0.20126071870326995
0.20041599869728088
0.198981773853302
0.19832464456558227
0.19751794934272765
0.19633563458919526
0.1957250267267227
0.19479748010635375
0.1939500629901886
0.1933675676584244
0.19226527512073516
0.19141494631767272
0.1904863566160202
0.18947891592979432
0.1887843668460846
0.18791850209236144
0.18683160543441774
0.18600042462348937
0.18524194955825807
0.18445400893688202
0.18348983228206633
0.18250637352466584
0.181804820895195
0.18101284503936768
0.18038597106933593
0.17943329811096193
0.17858116328716278
0.17789000570774077
0.17697008550167084
0.17628394365310668
0.17591844797134398
0.17457250654697418
0.17417528927326204
0.17303264737129212
0.17247208952903748
0.17183035612106323
0.1711380660533905
0.17019185423851013
0.16985929906368255
0.1689877450466156
0.1684345245361328
0.16762484312057496
0.16740573048591614
0.16642172634601593
0.16630327105522155
0.16535716652870178
0.1648452788591385
0.16431490778923036
0.1635783404111862
0.16329642832279206
0.16279028952121735
0.16172903180122375
0.16137469410896302
0.16061211824417115
0.16052151322364808
0.15999848246574402
0.15896589159965516
0.15884769856929778
0.15782280564308165
0.1571723461151123
0.1565171241760254
0.15625591278076173
0.15545902848243714
0.1548397123813629
0.15479114949703215
0.1540764093399048
0.15369926393032074
0.15311887264251708
0.15258882641792298
0.15239494442939758
0.15174169838428497
0.15133493840694429
0.1510031521320343
0.15072569549083709
0.15005553364753724
0.14989325404167175
0.14962780773639678
0.14886096715927125
0.14839329123497008
0.14832359552383423
0.14776613116264342
0.14711227416992187
0.1468960464000702
0.14650316238403321
0.14600115418434143
0.14540339410305023
0.14521749913692475
0.1444268822669983
0.14424519538879393
0.1439487785100937
0.1432951122522354
0.1429493635892868
0.14245655834674836
0.14200392365455627
0.14202666282653809
0.14148568212985993
0.14131345152854918
0.14092252552509307
0.14023984968662262
0.1402776747941971
0.13952752351760864
0.13936919569969178
0.13899517953395843
0.13829114735126496
0.13852838575839996
0.13756005167961122
0.13739937245845796
0.13673652708530426
0.1364732414484024
0.13611671030521394
0.13573198318481444
0.13540916740894318
0.13515716791152954
0.13484106659889222
0.13474075496196747
0.1341857999563217
0.1332829236984253
0.13383947610855101
0.13315513730049133
0.13296749591827392
0.13286410868167878
0.13250412046909332
0.13259787261486053
0.13185555934906007
0.13178274929523467
0.13130897283554077
0.13130119144916536
0.13093586266040802
0.13073106706142426
0.13016692996025087
0.13009567260742189
0.1292815625667572
0.12957863807678222
0.12921461462974548
0.128532013297081
0.12875325977802277
0.12836550176143646
0.1283061295747757
0.1276155948638916
0.12748585939407348
0.12737666070461273
0.1265862077474594
0.12647777199745178
0.12616792917251587
0.12576749920845032
0.12575279772281647
0.1253068208694458
0.12532317638397217
0.12486401796340943
0.1246518224477768
0.12423339188098907
0.12448667585849763
0.12380571663379669
0.12341893911361694
0.12333866953849792
0.12327720522880554
0.12263953685760498
0.12239810228347778
0.12236235141754151
0.1217829167842865
0.12172722518444061
0.12141407132148743
0.1211963564157486
0.12141169011592864
0.12091221511363984
0.12078010141849518
0.12098070085048676
0.12078472971916199
0.12060933113098145
0.12001944482326507
0.1200188308954239
0.11975683271884918
0.11953670680522918
0.11912770867347718
0.11920470297336579
0.11870113015174866
0.11898843348026275
0.11860963106155395
0.11819851994514466
0.1183476597070694
0.11776710450649261
0.11789928674697876
0.11769744455814361
0.11714097261428832
0.11735046207904816
0.11702756583690643
0.11692696213722228
0.11684470474720002
0.11680968105792999
0.116313636302948
0.11646119654178619
0.11610677540302276
0.11615101993083954
0.11586404740810394
0.11566410362720489
0.11557056605815888
0.11531871259212494
0.1156575083732605
0.1145753413438797
0.11513056755065917
0.11457313001155853
0.11464078426361084
0.11436484754085541
0.11403519809246063
0.1140695869922638
0.11379374861717224
0.11420305967330932
0.11334735751152039
0.11392570436000823
0.1134145736694336
0.11382772922515869
0.11311044096946717
0.1132708489894867
0.11281028389930725
0.11331518590450287
0.11256019473075866
0.11294823586940765
0.11270188093185425
0.11230149567127228
0.11172122359275818
0.11219326257705689
0.11148395836353302
0.11201221346855164
0.11163018643856049
0.11156983375549316
0.11124130189418793
0.11166302263736724
0.11112909317016602
0.11149957776069641
0.11096342802047729
0.1114349603652954
0.11066657900810242
0.1106441706418991
0.11059391796588898
0.11025355458259582
0.11025927066802979
0.11009746193885803
0.10986573100090027
0.10948701798915864
0.10969187915325165
0.10923546254634857
0.10964648425579071
0.10913947820663453
0.10963914692401885
0.10865945518016815
0.10923697352409363
0.10874088108539581
0.10924873054027558
0.10850834548473358
0.1088352233171463
0.10840322077274323
0.10848783254623413
0.108731809258461
0.10843703448772431
0.10812262594699859
0.1082009494304657
0.10809047818183899
0.10778526961803436
0.10774836242198944
0.10779507458209991
0.10738914906978607
0.10700847208499908
0.10710344612598419
0.10721024274826049
0.10662514567375184
0.10692346394062043
0.10640897005796432
0.10691456496715546
0.10586365908384324
0.10652624368667603
0.10622527301311493
0.10662551522254944
0.10616447925567626
0.10680374801158905
model 2
0.679934275150299
0.6312831997871399
0.5972254991531372
0.5717428922653198
0.5498667597770691
0.530024254322052
0.5112197756767273
0.49302624464035033
0.4753891110420227
0.45912458896636965
0.4451335906982422
0.4331743359565735
0.42271665334701536
0.4145607233047485
0.40722341537475587
0.4007277607917786
0.39456488490104674
0.38902422189712527
0.384110689163208
0.379679936170578
0.37521108984947205
0.37141044735908507
0.36735768914222716
0.36351882219314574
0.3600722372531891
0.3566052854061127
0.35354503989219666
0.35046389102935793
0.34724963307380674
0.3442554771900177
0.3414289057254791
0.3386418461799622
0.3358355462551117
0.3332015573978424
0.33038138747215273
0.3279543876647949
0.32560585141181947
0.32319756150245665
0.3206964671611786
0.318243545293808
0.3160090148448944
0.31372931599617004
0.31141726970672606
0.3093044340610504
0.3069256663322449
0.30452863574028016
0.30261067748069764
0.3003573060035706
0.2983850002288818
0.2962801277637482
0.29444835186004636
0.2921171963214874
0.2902646422386169
0.2882886350154877
0.28647475242614745
0.28459271788597107
0.2827878713607788
0.2811457097530365
0.27917051315307617
0.2775223731994629
0.27561253905296323
0.2737537145614624
0.27249500155448914
0.27024860978126525
0.2694082915782928
0.26711941957473756
0.265737384557724
0.26393128037452696
0.2624664843082428
0.26089019775390626
0.25937706232070923
0.2574882984161377
0.2560908079147339
0.2547212064266205
0.2532127916812897
0.25182690620422366
0.2503408372402191
0.24889733791351318
0.24811660051345824
0.2462495446205139
0.24478052854537963
0.24323852062225343
0.24189687967300416
0.2405242681503296
0.23966653943061828
0.2381310820579529
0.2369527816772461
0.2356064260005951
0.23447811603546143
0.23298999071121215
0.23211532235145568
0.2306015133857727
0.2298244059085846
0.22812627553939818
0.22723639011383057
0.22596921920776367
0.2247317612171173
0.22382200956344606
0.22279640436172485
0.22143511176109315
0.22037619352340698
0.21951271891593932
0.21827029585838317
0.2171400308609009
0.21630595326423646
0.2152699649333954
0.21356337666511535
0.2133830487728119
0.21176883578300476
0.2109180808067322
0.2097375988960266
0.20901808738708497
0.20793603658676146
0.20698761343955993
0.20579423010349274
0.20525623261928558
0.2039661228656769
0.20327250063419341
0.2021151602268219
0.20137998163700105
0.2004238873720169
0.1998565524816513
0.19839465022087097
0.19809151589870452
0.19681121706962584
0.19641723930835725
0.19495891332626342
0.19441893994808196
0.19331793785095214
0.19298005402088164
0.19146693050861358
0.19093292355537414
0.19018673300743102
0.18931125700473786
0.18853255808353425
0.18780816495418548
0.186928591132164
0.1861266613006592
0.18549056053161622
0.18474764227867127
0.18426786959171296
0.18327580392360687
0.18226253092288972
0.18196820318698884
0.18110223412513732
0.18000502586364747
0.1796173334121704
0.1790109783411026
0.17820194363594055
0.17766185998916625
0.17667147517204285
0.17678300142288209
0.17542869746685028
0.17490582764148713
0.17428008317947388
0.17358246445655823
0.17298589646816254
0.17245626151561738
0.17158356308937073
0.17110537886619567
0.17048943638801575
0.16963698267936705
0.16935203671455384
0.1680588036775589
0.16777597069740297
0.16721938252449037
0.1667992353439331
0.1658910781145096
0.16617474853992462
0.1653277963399887
0.1647643357515335
0.16439739167690276
0.16375598907470704
0.16314544677734374
0.1629452884197235
0.16254455745220184
0.161925008893013
0.1610848844051361
0.1608480304479599
0.15992338657379152
0.15970787405967712
0.15875904858112336
0.15860083401203157
0.15789511799812317
0.15735278725624086
0.1572791337966919
0.1564678817987442
0.1559978187084198
0.1560331791639328
0.1549917131662369
0.15475107431411744
0.1543924629688263
0.1534079670906067
0.15288709104061127
0.15266744792461395
0.15249055325984956
0.1517716884613037
0.1515125185251236
0.15067206621170043
0.15033139884471894
0.15069651305675508
0.1494438886642456
0.14942145049571992
0.14848362803459167
0.1485074520111084
0.14771530628204346
0.1476555734872818
0.1469538390636444
0.14677701592445375
0.14624156057834625
0.14642738699913024
0.14550096094608306
0.14520489573478698
0.14505646824836732
0.1447288304567337
0.14359222054481507
0.14383752048015594
0.14290271699428558
0.14286932051181794
0.1421554207801819
0.14218756854534148
0.14151047468185424
0.14136695265769958
0.14077081978321077
0.14070870876312255
0.1403053730726242
0.13971062004566193
0.13958414196968078
0.13949112594127655
0.13883855640888215
0.13849295377731324
0.1382971853017807
0.1376636266708374
0.1378578394651413
0.13724147975444795
0.13667085766792297
0.13673986196517945
0.13629984557628633
0.13605331778526306
0.13555076718330383
0.1353848397731781
0.13507789075374604
0.13493270874023439
0.1345193713903427
0.13415985107421874
0.13380976617336274
0.13384588360786437
0.13358834385871887
0.13306911587715148
0.13267066180706025
0.13282374441623687
0.13239588141441344
0.13196150064468384
0.1314991295337677
0.13125333786010743
0.13108016848564147
0.1308501660823822
0.13032134771347045
0.13024496734142305
0.13027009665966033
0.12978318929672242
0.12942954897880554
0.1293087810277939
0.12875649333000183
0.12906087636947633
0.12833988070487976
0.12850147485733032
0.12827157080173493
0.12777202129364013
0.12762702107429505
0.12763101756572723
0.12679882645606994
0.1269670844078064
0.12631642520427705
0.12661068737506867
0.12625501453876495
0.1263268530368805
0.12569866180419922
0.12561701238155365
0.12545309364795684
0.1253850370645523
0.12480173408985137
0.12487961947917939
0.12431850433349609
0.12423158884048462
0.12379897236824036
0.123770672082901
0.12344781160354615
0.12358447909355164
0.12324396669864654
0.12293238639831543
0.12247649133205414
0.12265699803829193
0.12225892841815948
0.1218574047088623
0.12196207642555237
0.12185805439949035
0.12165814638137817
0.12117376923561096
0.12125586271286011
0.12111218571662903
0.12085025012493134
0.12079254984855652
0.12058497071266175
0.12039326429367066
0.12004603445529938
0.12032357156276703
0.11974357068538666
0.11984632611274719
0.11957185566425324
0.1198276549577713
0.11898564994335174
0.11919853389263153
0.11894515454769135
0.11901277601718903
0.11835251450538635
0.11870307326316834
0.11826860904693604
0.1180509477853775
0.11744450628757477
0.11818458437919617
0.11763802170753479
0.1176232397556305
0.11701704859733582
0.11750107407569885
0.11666716635227203
0.11683773994445801
0.11685326397418976
0.11606965661048889
0.11654039621353149
0.11594282686710358
0.11605734527111053
0.11544475257396698
0.11591809391975402
0.11529393196105957
0.11551710665225982
0.11513418853282928
0.11546748876571655
0.11508014500141144
0.11526248753070831
0.11507655680179596
0.11467036604881287
0.11455921232700347
0.1144565463066101
0.11432328522205353
0.11436977684497833
0.11394466459751129
0.11389159560203552
0.11386678516864776
0.113744056224823
0.1134127289056778
0.11361138820648194
0.11317625045776367
0.11329475641250611
0.11302270591259003
0.11302953958511353
0.11282235980033875
0.11276388466358185
0.11265586912631989
0.11250712871551513
0.11255147457122802
0.11234049201011657
0.11217364072799682
0.1123923420906067
0.11224075555801391
0.11200946867465973
0.11185782700777054
0.11204201430082321
0.11172027438879013
0.11160115152597427
0.11142113208770751
0.11127422451972961
0.11101703345775604
0.11112406104803085
0.11061445027589797
0.11128789484500885
0.11036950200796128
0.11095198392868041
0.11006502658128739
0.11073260903358459
0.10984809994697571
0.1105983555316925
0.10994103401899338
0.11018696874380111
0.1097751036286354
0.11004520952701569
0.10944689214229583
0.10968247950077056
0.10947737991809844
0.10914895534515381
0.10978697091341019
0.10891314446926117
0.10918633192777634
0.10953293293714524
0.10902982354164123
0.10891177356243134
0.1089811459183693
0.1090388298034668
0.10863498151302338
0.10898650288581849
0.10837961733341217
0.10874128192663193
0.10858097076416015
0.108631332218647
0.10842363089323044
0.10837150812149048
0.10841006338596344
0.10827415436506271
0.10824549794197083
0.10825096070766449
0.10794109702110291
0.10759932398796082
0.10799552202224731
0.10750089138746262
0.10775230526924133
0.1076410949230194
0.1072188898921013
0.10759210735559463
0.10748156309127807
0.10726537108421326
0.1073207676410675
0.10728169083595276
model 3
0.6534328103065491
0.594758141040802
0.5522194147109986
0.5181257963180542
0.49160929918289187
0.4708997130393982
0.454444420337677
0.4414655327796936
0.43055832386016846
0.42157975435256956
0.4143176794052124
0.4073024392127991
0.4019297182559967
0.39722859263420107
0.39234899878501894
0.3883788526058197
0.3843202769756317
0.3803538799285889
0.37679367065429686
0.37315423488616944
0.3699924826622009
0.36683515310287473
0.363685804605484
0.36079728603363037
0.35818365812301634
0.3553912341594696
0.35305901765823366
0.35049004554748536
0.3482413053512573
0.3457800030708313
0.343830281496048
0.3416233718395233
0.33936001658439635
0.3378053307533264
0.3357056498527527
0.3336834251880646
0.33189570903778076
0.33053035140037534
0.32818137407302855
0.32644033432006836
0.32472875714302063
0.32303975224494935
0.3213264584541321
0.31972512006759646
0.31830854415893556
0.31639790534973145
0.31509647965431214
0.3133062422275543
0.311842805147171
0.3099274754524231
0.30881029963493345
0.3067600607872009
0.3054593622684479
0.30409927368164064
0.30283841490745544
0.30125260949134824
0.30018070340156555
0.2983116149902344
0.2972501516342163
0.295677524805069
0.29428480863571166
0.2929315805435181
0.29123257398605346
0.29030120372772217
0.28888818621635437
0.2877012073993683
0.28643231391906737
0.2853761434555054
0.28380047082901
0.2825759708881378
0.2812453269958496
0.27988587617874144
0.278621631860733
0.2775307774543762
0.27655345797538755
0.27508034706115725
0.27383939623832704
0.27262282371520996
0.27121909260749816
0.2695558130741119
0.2686749160289764
0.2670840620994568
0.2659226834774017
0.2646567702293396
0.2639386475086212
0.26241959929466246
0.2613853752613068
0.2604124426841736
0.25960230827331543
0.2586133241653442
0.257518059015274
0.2560758054256439
0.2550830364227295
0.2542845129966736
0.2531435012817383
0.25218513011932375
0.25110880136489866
0.2504810094833374
0.2489323377609253
0.24841272830963135
0.24752079844474792
0.24612486958503724
0.24577775597572327
0.24425069689750672
0.24313984513282777
0.2420991599559784
0.241232293844223
0.24030330777168274
0.23960775136947632
0.23873715996742248
0.23760251998901366
0.2369676113128662
0.23595731258392333
0.23513317108154297
0.2342684030532837
0.23335986137390136
0.23252838253974914
0.23210164308547973
0.23047853708267213
0.23017680048942565
0.2293087363243103
0.22880876660346985
0.22727285027503968
0.226575368642807
0.2255917966365814
0.22523145675659179
0.22467355728149413
0.22370633482933044
0.2228421986103058
0.2221270740032196
0.22130287289619446
0.22040708661079406
0.21975907683372498
0.2184166729450226
0.21780112385749817
0.21717244386672974
0.21526519656181337
0.2141573131084442
0.21372408866882325
0.21342410445213317
0.21288898587226868
0.21217720508575438
0.21109585762023925
0.21076372861862183
0.20946555137634276
0.2094532608985901
0.20828990936279296
0.20817283391952515
0.20727019906044006
0.20674949288368225
0.206246280670166
0.20554477572441102
0.20498523414134978
0.20438199043273925
0.20385349690914153
0.20343711972236633
0.20246798694133758
0.2017201691865921
0.20112043023109435
0.20092594921588897
0.20001736879348755
0.19913071691989898
0.19777646362781526
0.1973671168088913
0.1969505488872528
0.1966912031173706
0.19558408558368684
0.1955614924430847
0.19472433626651764
0.19442952871322633
0.19370758533477783
0.19378675222396852
0.19268375933170317
0.1924154132604599
0.19168812930583953
0.19152455329895018
0.19096584618091583
0.19061475098133088
0.1895970046520233
0.18941619694232942
0.18829784095287322
0.18789902627468108
0.18744713366031646
0.1870749443769455
0.1861465483903885
0.18603909611701966
0.18527471721172334
0.1852392554283142
0.1844112753868103
0.18406494855880737
0.18309611678123475
0.18315888047218323
0.18247520327568054
0.1818479984998703
0.18138725757598878
0.18069251775741577
0.1798856168985367
0.17953992486000062
0.179468035697937
0.1791010767221451
0.17838196754455565
0.1779743552207947
0.17785716950893402
0.17747616469860078
0.1769752711057663
0.17649394571781157
0.17659067809581758
0.17559913396835328
0.1756896287202835
0.17482758164405823
0.17468709647655487
0.17379708886146544
0.17341350317001342
0.17316557466983795
0.17285701930522918
0.17246876060962676
0.17204879522323607
0.17185733914375306
0.17117142379283906
0.17088591456413268
0.17015320956707
0.1703185498714447
0.16952199041843413
0.16901195645332337
0.16880708336830139
0.16858789324760437
0.16801201105117797
0.1672194629907608
0.1670218288898468
0.1664099782705307
0.1659761041402817
0.16623316705226898
0.1654827207326889
0.1652875602245331
0.16468589305877684
0.16456203758716584
0.1645641803741455
0.16325875818729402
0.16349898278713226
0.16300573647022248
0.16284764409065247
0.16223353743553162
0.16191587448120118
0.16148343980312346
0.16150018572807312
0.16117428839206696
0.16057732999324797
0.16039307415485382
0.16019221842288972
0.15910902321338655
0.15948727130889892
0.15869375467300414
0.15881005823612213
0.15786632895469666
0.15794861912727357
0.1569710075855255
0.15707668662071228
0.1567879319190979
0.15752496421337128
0.15596912503242494
0.15559859275817872
0.15506131947040558
0.15497244000434876
0.15395955443382264
0.15444499850273133
0.15403016209602355
0.15416612029075621
0.15295266211032868
0.15354353189468384
0.15285213887691498
0.15225108861923217
0.15236464142799377
0.15200189650058746
0.1520855724811554
0.15263164937496185
0.15114841759204864
0.15123258531093597
0.15194516479969025
0.15063169002532958
0.1506759613752365
0.1502308189868927
0.15020796954631804
0.15000762045383453
0.14967774748802185
0.1496850699186325
0.14847124516963958
0.14857870638370513
0.1487196981906891
0.14788235127925872
0.14769993126392364
0.148345422744751
0.1484833389520645
0.146429380774498
0.1466514676809311
0.14666259586811065
0.14589312076568603
0.1456947535276413
0.14477511942386628
0.14495632350444793
0.1447204142808914
0.14473317861557006
0.14420323967933654
0.14439316391944884
0.14394513964653016
0.14442463219165802
0.14370050728321077
0.1433667629957199
0.14332232177257537
0.1434272587299347
0.14348353147506715
0.14303605258464813
0.1428337275981903
0.14309650361537934
0.14255670607089996
0.1423752099275589
0.1421423763036728
0.14207054078578948
0.14172210097312926
0.14167500436306
0.1414225548505783
0.14123336374759674
0.14092209935188293
0.14078319370746611
0.14056494534015657
0.14056161642074586
0.14024120569229126
0.14018474519252777
0.13983227908611298
0.13886513710021972
0.13840612769126892
0.1386295884847641
0.1397188812494278
0.13834235966205596
0.13836306929588318
0.138278004527092
0.1381347209215164
0.13682226836681366
0.13759769797325133
0.13748760819435119
0.13712775707244873
0.13707034587860106
0.13660261929035186
0.1362942487001419
0.136360365152359
0.13592216074466706
0.13568849265575408
0.1363377422094345
0.13587795197963715
0.1355003982782364
0.13496045470237733
0.1354226440191269
0.13536764681339264
0.13476223349571229
0.13490205407142639
0.13472223579883574
0.13473816812038422
0.13417106866836548
0.135031595826149
0.13484617173671723
0.1351565659046173
0.13401029407978057
0.13528285026550294
0.13349488377571106
0.1335293471813202
0.13365715146064758
0.13435508608818053
0.13290124833583833
0.13347501158714295
0.13322523534297942
0.13268158435821534
0.13293343782424927
0.1335546225309372
0.13307389318943025
0.131932732462883
0.13225193917751313
0.13138831853866578
0.1318831115961075
0.1317394644021988
0.13168886601924895
0.13186951279640197
0.13162060379981994
model 4
0.6667420864105225
0.5590684890747071
0.5015844583511353
0.46792418956756593
0.4447843670845032
0.4269826889038086
0.41242070198059083
0.3998852908611298
0.3888452172279358
0.3787218689918518
0.36931864619255067
0.3606389045715332
0.35268892645835875
0.3459793567657471
0.33979239463806155
0.3346874177455902
0.3296010971069336
0.3252412974834442
0.32110671401023866
0.31766521334648135
0.3139535129070282
0.31091436743736267
0.3080637037754059
0.30463169813156127
0.30202693343162534
0.299131178855896
0.2966661512851715
0.29398368000984193
0.2916157305240631
0.28906729221343996
0.2868059933185577
0.2845044910907745
0.28230343461036683
0.2801531434059143
0.27807615995407103
0.27593146562576293
0.27417483925819397
0.2720360279083252
0.27006703019142153
0.26821929812431333
0.2663168489933014
0.2644897997379303
0.26241669058799744
0.2610159933567047
0.25937833786010744
0.2579026222229004
0.2557921648025513
0.2545619606971741
0.25296600461006163
0.25179657340049744
0.24995026588439942
0.24868865609169005
0.2470119595527649
0.2460065722465515
0.24437671303749084
0.24318265914916992
0.24155964851379394
0.24063934683799743
0.23896650075912476
0.2379343628883362
0.2363733172416687
0.23533262610435485
0.23406890630722046
0.23285268545150756
0.2317090094089508
0.22991430163383483
0.22922801971435547
0.22778079509735108
0.2268032431602478
0.22556538581848146
0.22454584240913392
0.22358869314193724
0.22245168089866638
0.22114229798316956
0.22043322920799255
0.21880233883857728
0.21786845326423646
0.21684205532073975
0.21581612825393676
0.21483599543571472
0.21369532346725464
0.21289400458335878
0.21182389855384826
0.21034173369407655
0.20960931181907655
0.20863893032073974
0.20760402083396912
0.20662196278572081
0.20592892169952393
0.20488085746765136
0.2037297397851944
0.20270945727825165
0.2021792232990265
0.2012553334236145
0.200399774312973
0.19924146831035613
0.19877289831638337
0.19747444987297058
0.1970425009727478
0.19551720321178437
0.19536490142345428
0.19400012195110322
0.19337850511074067
0.19251139760017394
0.19181513488292695
0.19068476259708406
0.18986706137657167
0.189332777261734
0.18799962997436523
0.18745390176773072
0.1867862671613693
0.1861765593290329
0.18507026731967927
0.18452865183353423
0.18393501341342927
0.18301295936107637
0.18216679096221924
0.18143220543861388
0.18084816634655
0.18025208115577698
0.17908541858196259
0.17872121632099153
0.17767202258110046
0.1772419184446335
0.17644064724445344
0.17549957931041718
0.1749916285276413
0.1746913194656372
0.17371249496936797
0.1734725594520569
0.1728108763694763
0.17237181961536407
0.17120438814163208
0.17148042619228362
0.1701168805360794
0.16943296194076538
0.16892479062080384
0.16835701763629912
0.16815524995326997
0.16705182790756226
0.1667252391576767
0.16608403027057647
0.16578830778598785
0.16440217494964598
0.1640298396348953
0.163170924782753
0.16248364448547364
0.16161243319511415
0.1618885338306427
0.16071863770484923
0.1608088344335556
0.16006117165088654
0.15957580804824828
0.15922209918498992
0.15872217416763307
0.15856921672821045
0.1580001473426819
0.15749133229255677
0.1566634804010391
0.15667326748371124
0.15621820986270904
0.15573830902576447
0.15518347620964051
0.15512337684631347
0.1544958233833313
0.15358089804649352
0.15354084968566895
0.15259757041931152
0.15307666957378388
0.15165502727031707
0.151662477850914
0.1508209675550461
0.15069516003131866
0.14970491528511048
0.15025007128715515
0.14890919923782348
0.1486891359090805
0.1481010615825653
0.14803274869918823
0.14761216640472413
0.14709304869174958
0.14632702469825745
0.14649972915649415
0.1455177217721939
0.14588398039340972
0.14515311121940613
0.14498908817768097
0.1441487193107605
0.14389611184597015
0.14377167522907258
0.14337773621082306
0.1431405782699585
0.14261115491390228
0.14197458028793336
0.14235988557338713
0.14077588617801667
0.14112409353256225
0.14057376682758332
0.14030074179172516
0.1396929770708084
0.14011527001857757
0.13879578113555907
0.13944537043571473
0.1387649804353714
0.1382608413696289
0.1379013478755951
0.13825499415397643
0.1373964935541153
0.13680947721004486
0.13658708333969116
0.13647451102733613
0.13670790791511536
0.13599445223808287
0.13555362522602082
0.13488467633724213
0.1348932594060898
0.13484731018543245
0.13393093049526214
0.13421821296215058
0.13351863622665405
0.1336642622947693
0.1329948604106903
0.13283444941043854
0.13267949521541594
0.13246568143367768
0.13189183175563812
0.13167193233966829
0.13135888576507568
0.13145655393600464
0.1301313728094101
0.12981471419334412
0.1297557383775711
0.12953695952892302
0.1289922386407852
0.1293342351913452
0.12867083251476288
0.1291792094707489
0.1277308315038681
0.12835421562194824
0.12780174016952514
0.12799689471721648
0.12722598314285277
0.12746210992336274
0.1270689219236374
0.12729491889476777
0.12619932889938354
0.12713544070720673
0.1258407860994339
0.12597285211086273
0.12509224712848663
0.12600102722644807
0.1251472055912018
0.12590210735797883
0.124465611577034
0.12460701763629914
0.1249707281589508
0.12493139207363128
0.12363695204257966
0.1247902274131775
0.12296905219554902
0.12364420592784882
0.1230658620595932
0.12344236075878143
0.12301902174949646
0.12236509919166565
0.12249628305435181
0.12238784432411194
0.1218947172164917
0.12193738520145417
0.1209174007177353
0.12215214669704437
0.12063997387886047
0.12095663249492646
0.1211138755083084
0.12073504030704499
0.1207903116941452
0.11982885301113129
0.12047995328903198
0.1198786586523056
0.11964836716651917
0.11991429924964905
0.11938491463661194
0.11983020603656769
0.11921141147613526
0.1198432981967926
0.11882532835006714
0.11914803981781005
0.1186967819929123
0.11897195875644684
0.11851688623428344
0.11831558346748353
0.11810491085052491
0.1180639922618866
0.11797069609165192
0.11749058365821838
0.1176550805568695
0.1175132542848587
0.11704272627830506
0.11776032149791718
0.11695776879787445
0.11636602580547332
0.1171030879020691
0.11601735949516297
0.11616504490375519
0.11511614918708801
0.11550047397613525
0.11500416994094849
0.11555109322071075
0.11483039259910584
0.11509687006473542
0.1145015835762024
0.11413747370243073
0.1148028165102005
0.11502407789230347
0.11388331055641174
0.11491108834743499
0.11417001187801361
0.11417601406574249
0.11355116069316865
0.11377840936183929
0.11409714519977569
0.11391962468624114
0.11366330683231354
0.11353298723697662
0.11343965828418731
0.11306173801422119
0.11287299692630767
0.1130154401063919
0.11281974911689759
0.11310551762580871
0.11304151117801667
0.11253835856914521
0.11257763504981995
0.11271720826625824
0.11190556585788727
0.11246710419654846
0.11188944876194
0.11195054948329926
0.11132171750068665
0.11152094602584839
0.11120064258575439
0.11131271123886108
0.11132555603981018
0.11122396886348725
0.11134246289730072
0.11087235510349273
0.11090240180492401
0.11079218685626983
0.11101768612861633
0.11079087257385253
0.10992549359798431
0.11058623790740967
0.1104862779378891
0.11088111698627472
0.10999204218387604
0.10994161069393157
model 5
0.7336211562156677
0.668337595462799
0.6208519816398621
0.588127338886261
0.5636058568954467
0.5438531398773193
0.5276930332183838
0.5142733335494996
0.5024649143218994
0.4926400661468506
0.4836978554725647
0.47645422220230105
0.47028145790100095
0.46459872722625734
0.45971630811691283
0.45585945844650266
0.45134408473968507
0.44739205837249757
0.4437785387039185
0.4406905174255371
0.4377071142196655
0.43450682163238524
0.43170346021652223
0.4291258454322815
0.42625956535339354
0.42370928525924684
0.4211751103401184
0.41915699243545534
0.41638104915618895
0.4141128659248352
0.41189913749694823
0.4095406889915466
0.4068819284439087
0.40484368801116943
0.4028904676437378
0.40077940821647645
0.39844738245010375
0.39651685357093813
0.3943516850471497
0.3925218939781189
0.39038793444633485
0.3886152386665344
0.38620970845222474
0.38472121953964233
0.3825915038585663
0.38094833493232727
0.37911673784255984
0.37738391757011414
0.3756372153759003
0.37386279106140136
0.3719797909259796
0.3705675363540649
0.3680911958217621
0.3665100455284119
0.36472699642181394
0.3629433274269104
0.36105346083641054
0.3596906363964081
0.3578798294067383
0.35652798414230347
0.3545533180236816
0.3532951056957245
0.3515653073787689
0.3499124348163605
0.3483696460723877
0.3465968489646912
0.34532269835472107
0.3437295138835907
0.3420699715614319
0.34032467007637024
0.3390514850616455
0.3373127281665802
0.3360104560852051
0.3344660758972168
0.33254111409187315
0.3315591633319855
0.3298288583755493
0.3283969759941101
0.3270993947982788
0.3257224798202515
0.3240802943706512
0.3227794885635376
0.32114174365997317
0.3203915894031525
0.31854185461997986
0.317412406206131
0.3158472001552582
0.31484142541885374
0.3129772126674652
0.31199058294296267
0.31072739958763124
0.3093860447406769
0.3083700180053711
0.30686269998550414
0.30544317364692686
0.3045440077781677
0.30298349261283875
0.3021936357021332
0.3007591187953949
0.2996953547000885
0.2985501527786255
0.29763144850730894
0.2962165236473083
0.29530606269836424
0.29384822845458985
0.2930248260498047
0.291217440366745
0.29031352400779725
0.28878219723701476
0.28804880380630493
0.2873570263385773
0.2859856367111206
0.2847241461277008
0.28438867926597594
0.2826904058456421
0.28161240816116334
0.2809822916984558
0.27947763800621034
0.2788682520389557
0.27766395211219785
0.27672735452651975
0.27612476944923403
0.2744436144828796
0.2737789869308472
0.2728842318058014
0.2714826166629791
0.27088736891746523
0.26963038444519044
0.26908605098724364
0.26796587109565734
0.2676759481430054
0.2658417999744415
0.2646883726119995
0.26387529373168944
0.26340592503547666
0.2619893729686737
0.2612589240074158
0.2611412227153778
0.259627103805542
0.2587328374385834
0.25810644030570984
0.2572737157344818
0.2566789150238037
0.2559037506580353
0.2539537250995636
0.2540754437446594
0.25282061100006104
0.2519433796405792
0.25154600739479066
0.25022684335708617
0.24968038201332093
0.24810680150985717
0.24852630496025085
0.2468564808368683
0.24621736407279968
0.24565078616142272
0.24507362842559816
0.2440618634223938
0.24300878643989562
0.2431716024875641
0.2412354528903961
0.24076107740402222
0.2399439513683319
0.239545339345932
0.23864768147468568
0.2379017472267151
0.23722468614578246
0.23652216792106628
0.23566991686820984
0.2351846933364868
0.23479641675949098
0.2339893102645874
0.23376280665397645
0.2322544813156128
0.23166548013687133
0.23201189041137696
0.2298576772212982
0.22889627814292907
0.22829775214195253
0.22801530957221985
0.22617435455322266
0.2264969527721405
0.2258298635482788
0.2259818434715271
0.22478432059288025
0.2252122938632965
0.22373186349868773
0.22282841205596923
0.22273000478744506
0.22169225811958312
0.22158693075180053
0.22048841714859008
0.21986497044563294
0.21942297816276551
0.2194943070411682
0.2181333303451538
0.21776713728904723
0.21668782234191894
0.21632949113845826
0.21653429865837098
0.2151979148387909
0.21454088687896727
0.21430907845497132
0.21333497166633605
0.21305519938468934
0.21282727122306824
0.2119361937046051
0.210998797416687
0.21102452278137207
0.21050564646720887
0.21018680930137634
0.20949984788894654
0.20857414603233337
0.20796631276607513
0.20683127343654634
0.20710284113883973
0.20602546334266664
0.20526284277439116
0.204287850856781
0.2049435257911682
0.20386193990707396
0.2037425607442856
0.2031709223985672
0.20292696952819825
0.20255448520183564
0.2028806507587433
0.20098510682582854
0.20109643638134003
0.1998127281665802
0.2006963610649109
0.19905369579792023
0.19955845773220063
0.1981141597032547
0.19928868114948273
0.1978312313556671
0.19777886867523192
0.19732135236263276
0.19644921720027925
0.19594986438751222
0.19586818814277648
0.1944536328315735
0.19508595764636993
0.19399351477622986
0.1940017282962799
0.19286192059516907
0.1931714355945587
0.19207151234149933
0.19177212715148925
0.19076913595199585
0.19174363911151887
0.19039148986339569
0.19051698744297027
0.18967813551425933
0.19030653536319733
0.18876918852329255
0.1885044753551483
0.188434436917305
0.1879603385925293
0.18741266429424286
0.18761635720729827
0.18698840737342834
0.18694573640823364
0.18567542135715484
0.18525989055633546
0.18584476709365844
0.1854323536157608
0.1840222418308258
0.18478605151176453
0.18447415232658387
0.18383060693740844
0.1825892895460129
0.18291990756988524
0.18349454998970033
0.18052627742290497
0.1789930135011673
0.18017957508563995
0.18095261454582215
0.17914738059043883
0.18002119660377502
0.17750353813171388
0.178256818652153
0.1792520821094513
0.17805542647838593
0.1768462836742401
0.17655169367790222
0.17809363603591918
0.17680472135543823
0.176917427778244
0.17561015188694
0.17492169439792632
0.1746508777141571
0.17471390962600708
0.17548300623893737
0.17566062808036803
0.1754416137933731
0.175064879655838
model 6
0.5930657029151917
0.5316753268241883
0.4808956027030945
0.43812408447265627
0.40709882974624634
0.3823357164859772
0.3623996913433075
0.3464538395404816
0.3350238263607025
0.32703426480293274
0.32083545327186586
0.31631224155426024
0.31201868653297427
0.30899622440338137
0.3051999270915985
0.3024408400058746
0.3004252552986145
0.2972621977329254
0.2949037730693817
0.293241411447525
0.2909240245819092
0.2894429564476013
0.2876025140285492
0.2856605589389801
0.2840420246124268
0.2827551305294037
0.2810801208019257
0.2799766480922699
0.27856438755989077
0.2771303832530975
0.2760493278503418
0.27409595251083374
0.27332296371459963
0.2718686521053314
0.27083863615989684
0.26916036009788513
0.2682138204574585
0.2671899676322937
0.2660177230834961
0.26499550938606264
0.26373096704483034
0.2627528965473175
0.261616587638855
0.26062226891517637
0.2597157955169678
0.25845496654510497
0.25763279795646665
0.25636719465255736
0.25562337040901184
0.2542143940925598
0.25363247394561766
0.25204967260360717
0.2517553150653839
0.25002993941307067
0.2495197057723999
0.2480842649936676
0.24748228192329408
0.24649455547332763
0.2459758222103119
0.244484281539917
0.24369454383850098
0.24272722601890565
0.24190232157707214
0.2414323568344116
0.2402395248413086
0.23912017941474914
0.23896008133888244
0.23748202323913575
0.236619770526886
0.2356690764427185
0.23504377007484437
0.23416670560836791
0.23323190212249756
0.23240725994110106
0.23163094520568847
0.23116974234580995
0.23031928539276122
0.22961934208869933
0.2291412889957428
0.2281567096710205
0.22735486030578614
0.22625635862350463
0.22574109435081482
0.22468252182006837
0.22424430251121522
0.22309393286705018
0.22259454131126405
0.22200562953948974
0.22125588059425355
0.22048110365867615
0.2199363887310028
0.21948711276054383
0.2185849130153656
0.2179262340068817
0.21768873929977417
0.21696313023567199
0.21606693267822266
0.2155967116355896
0.21502129435539247
0.21420410871505738
0.2136111855506897
0.21275036931037902
0.21215927600860596
0.21138131022453308
0.21048770546913148
0.2099691689014435
0.20969077944755554
0.20879653692245484
0.20837512016296386
0.20777477622032164
0.2072189688682556
0.2070152521133423
0.20619672834873198
0.20564451813697815
0.20440475940704345
0.20409547686576843
0.20366322994232178
0.20315483212471008
0.20233728289604186
0.20299287140369415
0.20184616148471832
0.201510226726532
0.20031008422374724
0.20041089355945588
0.19980988800525665
0.19940247237682343
0.19843883216381072
0.1985756754875183
0.19750352203845978
0.1974652737379074
0.1965877205133438
0.19623066186904908
0.1958245038986206
0.19549880921840668
0.19471574425697327
0.19432181119918823
0.19432087242603302
0.19340361058712005
0.19335004985332488
0.19242514967918395
0.1916496455669403
0.19135727286338805
0.19062569737434387
0.19023500084877015
0.19048719704151154
0.18920303583145143
0.1893176555633545
0.1885524123907089
0.18769401013851167
0.18794508278369904
0.18664685189723967
0.1868549793958664
0.18630356788635255
0.1859091639518738
0.1846022218465805
0.18486080467700958
0.1845358967781067
0.18434813618659973
0.1841443032026291
0.18345890939235687
0.18294377326965333
0.1826811373233795
0.1824549436569214
0.18183808624744416
0.18172641098499298
0.18148208558559417
0.18041604459285737
0.1801155537366867
0.17997851669788362
0.17973634600639343
0.17912207841873168
0.1787123054265976
0.178311687707901
0.17740195691585542
0.17732793390750884
0.17702648639678956
0.175897952914238
0.17589130103588105
0.17541748881340027
0.17548641860485076
0.17477332651615143
0.1748065322637558
0.17449209094047546
0.17425489127635957
0.17390453517436982
0.17333999574184417
0.173173725605011
0.17258637249469758
0.17271288931369783
0.1721299558877945
0.17152999341487885
0.17165732383728027
0.17094079554080963
0.1707306683063507
0.17033329904079436
0.17045249044895172
0.16944803297519684
0.16931189298629762
0.16893868446350097
0.16874954104423523
0.16818281412124633
0.16823956668376921
0.1678686797618866
0.1678024560213089
0.16749247908592224
0.16744012534618377
0.1675211101770401
0.16641563177108765
0.16662997603416443
0.16567108929157257
0.16512150168418885
0.16479797661304474
0.16439674496650697
0.16368482112884522
0.16307681202888488
0.16311536133289337
0.1620819091796875
0.16218603253364564
0.16209661066532136
0.162507164478302
0.16270211040973664
0.16221313178539276
model 7
0.5637298822402954
0.5018727421760559
0.4578915238380432
0.4237096905708313
0.3959602952003479
0.3728857755661011
0.35342217683792115
0.33775376677513125
0.3249061107635498
0.31424421072006226
0.30517353415489196
0.29818883538246155
0.2923807680606842
0.2872630476951599
0.28264124393463136
0.2787989914417267
0.27515449523925783
0.27132363319396974
0.26842073202133176
0.26510724425315857
0.2622499406337738
0.2596920609474182
0.25703951716423035
0.25501464009284974
0.2527373135089874
0.250278502702713
0.24831546545028688
0.2463658034801483
0.24421295523643494
0.24249850511550902
0.24030251502990724
0.23868417143821716
0.23680710792541504
0.23505616784095765
0.23311207294464112
0.231253582239151
0.22977145314216613
0.2284569561481476
0.226466166973114
0.2250683307647705
0.22354807257652282
0.22188344597816467
0.22041467428207398
0.21907269358634948
0.21773088574409485
0.21627213358879088
0.21489402055740356
0.21347767114639282
0.21214566826820375
0.21077197790145874
0.2094365417957306
0.20806678533554077
0.20685449242591858
0.2053499400615692
0.20412515997886657
0.20293315052986144
0.20125755965709685
0.20011603832244873
0.198905548453331
0.1978294402360916
0.1962831735610962
0.19528380334377288
0.1941603273153305
0.19326388239860534
0.19180480539798736
0.19092664122581482
0.18978087306022645
0.188796791434288
0.1877353847026825
0.18647703826427459
0.1856868863105774
0.18458726704120637
0.18345530033111573
0.1823825478553772
0.18146459460258485
0.18044594228267669
0.17939642071723938
0.17850436866283417
0.1776032030582428
0.1766416311264038
0.1757388412952423
0.17479494214057922
0.1737731486558914
0.1729157567024231
0.17185814976692199
0.17096008658409118
0.17008228302001954
0.1694699227809906
0.16842011213302613
0.16754051744937898
0.16667839288711547
0.16596350073814392
0.16508517265319825
0.16427429318428038
0.16341670453548432
0.16292381882667542
0.1615208387374878
0.16107065677642823
0.16023223400115966
0.1594044476747513
0.15879981815814972
0.1580279529094696
0.15702458024024962
0.15640407502651216
0.15596197843551635
0.15552385449409484
0.15499642193317414
0.1540066719055176
0.1530815839767456
0.15238719880580903
0.15134483873844146
0.15085031986236572
0.150146546959877
0.1496304154396057
0.1487901657819748
0.14827972948551177
0.14751240015029907
0.1468978464603424
0.14648135602474213
0.1456612765789032
0.1451786458492279
0.14439767599105835
0.14367944300174712
0.14316291213035584
0.14271166920661926
0.1419750779867172
0.14157528877258302
0.14096325933933257
0.1404824435710907
0.13995928764343263
0.13938055634498597
0.13892705142498016
0.13830272257328033
0.13781266808509826
0.13733501732349396
0.13656725883483886
0.13624473810195922
0.13565966188907624
0.1351025491952896
0.13472671210765838
0.13404756188392639
0.1336884766817093
0.1331627756357193
0.13263264298439026
0.13230497539043426
0.1315864771604538
0.13120847046375275
0.1308730810880661
0.1301330178976059
0.1298788458108902
0.12912043929100037
0.12872448265552522
0.1282297521829605
0.12819244861602783
0.12764664888381957
0.1272365391254425
0.12672053575515746
0.12613381147384645
0.12601129114627838
0.12543976604938506
0.1252150148153305
0.12498667240142822
0.1243231624364853
0.12405266761779785
0.12364398837089538
0.12329325675964356
0.12296205461025238
0.12260148227214814
0.12198730707168579
0.12173214852809906
0.12147890329360962
0.12119105458259583
0.12063277661800384
0.12015834152698517
0.1199986219406128
0.11972683668136597
0.11942810416221619
0.11850363612174988
0.11856519877910614
0.11791889965534211
0.11811195015907287
0.11758058667182922
0.11711423099040985
0.11680817306041717
0.11619583070278168
0.11628300547599793
0.11563776731491089
0.11543663144111634
0.11508724391460419
0.11499733328819275
0.11468340158462524
0.11437415778636932
0.11383937001228332
0.11369751393795013
0.11351609528064728
0.1132036566734314
0.11305744647979736
0.11276762187480927
0.11252574920654297
0.112286776304245
0.11195475459098816
0.11198127269744873
0.11148098111152649
0.11129868626594544
0.11107953786849975
0.11057772934436798
0.11077872514724732
0.11029560267925262
0.11014346778392792
0.10973955988883972
0.10953685045242309
0.1092251718044281
0.10906213521957397
0.10868625342845917
0.10854723155498505
0.10797010064125061
0.10797127783298492
0.1074273943901062
0.1071818083524704
0.10709939002990723
0.10680883526802062
0.10647817850112914
0.10622599869966506
0.10584500581026077
0.10573956668376923
0.10557218044996261
0.1055193230509758
0.10481957793235779
0.10492310523986817
0.10458433330059051
0.10404491573572158
0.10391241610050202
0.10400414168834686
0.10357483923435211
0.1036313757300377
0.10333243906497955
0.10262427628040313
0.10270987898111343
0.10250058770179749
0.10240464806556701
0.10231169313192368
0.10212783515453339
0.1020554170012474
0.10187854319810867
0.10165461450815201
0.10151617527008057
0.10144313871860504
0.10154156386852264
0.10130223482847214
0.10088385492563248
0.10079406946897507
0.1006698340177536
0.10061518698930741
0.10027314722537994
0.10026277452707291
0.09992973506450653
0.09966488927602768
0.09984949827194214
0.09946210831403732
0.09926625788211822
0.09925277531147003
0.09917375892400741
0.098747019469738
0.09895913153886796
0.09864130765199661
0.09870163947343827
0.09817783832550049
0.09841713309288025
0.09809738546609878
0.09776023775339127
0.09765825271606446
0.09743187129497528
0.09752632975578308
0.09758145362138748
0.09676582217216492
0.09663027375936509
0.09648430347442627
0.09627530872821807
0.09618581533432007
0.09624356627464295
0.09607611745595931
0.09605375081300735
0.09578097760677337
0.09578449726104736
0.09574454873800278
0.09567816853523255
0.09547842442989349
0.09564990699291229
0.09522679448127747
0.09538390785455704
0.09488018900156021
0.095183065533638
0.09495600610971451
0.09489639103412628
0.09476011097431183
0.0947127565741539
0.09461876451969146
0.09458141326904297
0.0944877490401268
0.09439473003149032
0.0943299651145935
0.09408572018146515
0.09399510771036149
0.0939168781042099
0.09392053484916688
0.09402619302272797
0.0931949183344841
0.09373124241828919
0.09305036514997482
0.09341194480657578
0.09276099950075149
0.09313390702009201
0.0925903081893921
0.09280702471733093
0.09259358048439026
0.0926605522632599
0.09229514449834823
0.09242988526821136
0.0921551063656807
0.09217695742845536
0.09227547347545624
0.09200689047574998
0.09142242819070816
0.0916789412498474
0.09145415276288986
0.09128758013248443
0.09133221358060836
0.09104412496089935
0.0912198007106781
0.09097202569246292
0.09120704829692841
0.09086323529481888
0.09087664186954499
0.09082198143005371
0.09086248129606248
0.09080827385187148
0.09071063101291657
0.09067632555961609
0.09070637375116349
0.09064332693815232
0.09061256647109986
0.09070120602846146
0.09040961563587188
0.09049202650785446
0.09030995070934296
0.09030812680721283
0.09016481339931488
0.09026370346546173
0.09015654772520065
0.08986395448446274
0.09017719477415084
0.08990821540355683
0.08985773921012878
0.08983458578586578
0.08988914489746094
0.08972546458244324
0.09001644551753998
0.08944632411003113
0.0896726205945015
0.08914606720209121
0.08964803516864776
0.08921492099761963
0.08947094827890396
0.08908827751874923
0.08922537714242935
0.0890492096543312
0.08887846320867539
0.08886327147483826
0.08898473083972931
0.0883885070681572
0.08865395933389664
0.08835105448961258
0.08844836652278901
0.08835459351539612
0.0884821817278862
0.0882392942905426
0.0880301833152771
0.08811755031347275
0.0878556102514267
0.08803532868623734
0.08799216598272323
0.08771758526563644
0.08791309595108032
0.0876555860042572
0.08774796426296234
0.08767994493246078
0.08767596036195754
0.08763415962457657
0.08761347383260727
0.08760198205709457
0.08755578696727753
0.08749476224184036
0.08732100129127503
0.08762634247541427
0.08732496201992035
0.08751379549503327
0.0875083178281784
0.08765669614076614
model 8
0.6191239833831788
0.5532125115394593
0.5061656951904296
0.4725058674812317
0.44738653898239134
0.4275736093521118
0.4113037705421448
0.3978684186935425
0.38649300336837766
0.37659972310066225
0.367501837015152
0.3593864619731903
0.35255091190338134
0.3460571110248566
0.33987514972686766
0.33464703559875486
0.3293320059776306
0.32477017045021056
0.3201943576335907
0.31630823016166687
0.3122909843921661
0.3084540724754333
0.3048816442489624
0.30143595337867735
0.29836043119430544
0.2953597903251648
0.2922107338905334
0.28903507590293886
0.28627647161483766
0.28341151475906373
0.2808784067630768
0.2777863681316376
0.2753971695899963
0.2726185619831085
0.27001531720161437
0.2678840756416321
0.2650735259056091
0.262856525182724
0.26041956543922423
0.2584151208400726
0.2560644805431366
0.25417301058769226
0.2518717050552368
0.24995598196983337
0.24789570569992064
0.24590370655059815
0.24431482553482056
0.2422766149044037
0.24054582118988038
0.23894231915473937
0.2369547128677368
0.23545156121253968
0.23369829654693602
0.23235207200050353
0.23101179599761962
0.2290838897228241
0.22756870985031127
0.2259565234184265
0.22453982830047609
0.22272006869316102
0.2213597357273102
0.22013919353485106
0.21858391165733337
0.21735053062438964
0.21574883460998534
0.21447277069091797
0.21319702863693238
0.21193249225616456
0.21044973134994507
0.20896716713905333
0.20813307762145997
0.20645812749862671
0.2053619235754013
0.2042805016040802
0.20352246165275573
0.2015948474407196
0.20087532699108124
0.19949122667312622
0.19855323433876038
0.19713943898677827
0.19628058671951293
0.1953989624977112
0.19403956532478334
0.19278688728809357
0.1919549971818924
0.19076427519321443
0.18930914103984833
0.18863681852817535
0.18776463568210602
0.18689611852169036
0.18560543954372405
0.18486872017383577
0.18353413045406342
0.1829980880022049
0.18193900883197783
0.18107683062553406
0.18030861616134644
0.17942286431789398
0.17824045121669768
0.17788009941577912
0.17692644000053406
0.17618696093559266
0.17496297657489776
0.17448463439941406
0.17294942438602448
0.1722566306591034
0.17162508070468901
0.17064282298088074
0.16946797370910643
0.1691456824541092
0.1685995042324066
0.16773182153701782
0.1668966919183731
0.16619243919849397
0.16578908264636993
0.16475638449192048
0.16394215524196626
0.1634957581758499
0.16318430602550507
0.16180104315280913
0.16098744571208953
0.1602069467306137
0.16013899743556975
0.15950845777988434
0.15884947776794434
0.1579296827316284
0.1570584386587143
0.1561737686395645
0.15580364167690278
0.1554921180009842
0.1546187460422516
0.15394055843353271
0.15343160033226014
0.15270161628723145
0.1525343954563141
0.15164339542388916
0.15091386437416077
0.15050073862075805
0.15001908242702483
0.14940429031848906
0.14909400939941406
0.14851288497447968
0.14758578538894654
0.14722027480602265
0.14662079513072968
0.14652642905712127
0.14540265500545502
0.1450420081615448
0.1446783423423767
0.14386765658855438
0.14371096193790436
0.14300499558448793
0.14285748898983003
0.1422326982021332
0.14155625700950622
0.14120277166366577
0.14026302695274354
0.14066021144390106
0.13951945900917054
0.13919846415519715
0.13857443928718566
0.13856984078884124
0.1377063125371933
0.13752841651439668
0.13675490617752076
0.13663713932037352
0.13659523725509642
0.13565900921821594
0.13529833853244783
0.134877547621727
0.13455344140529632
0.13391443192958832
0.13380840718746184
0.1329992115497589
0.13291795551776886
0.13228171765804292
0.13208232522010804
0.1314607858657837
0.13165761530399323
0.1306123197078705
0.130263289809227
0.12996125221252441
0.12948598861694335
0.128952094912529
0.12866186499595642
0.12847638130187988
0.1284800350666046
0.12770479917526245
0.12727194726467134
0.12716903984546662
0.1266122877597809
0.1260634869337082
0.1259507417678833
0.12587184011936187
0.12504734098911285
0.125356787443161
0.12512421011924743
0.12413569390773774
0.12421561181545257
0.12396795451641082
0.12341510355472565
0.12398101389408112
0.12294765710830688
0.12215819656848907
0.12232792377471924
0.12192718088626861
0.12180171608924865
0.12138743102550506
0.1208660364151001
0.12053743600845337
0.12024777829647064
0.12037249207496643
0.12036120593547821
0.11973876357078553
0.11866595447063447
0.11881619095802307
0.11933866143226624
0.11833154261112214
0.11831181347370148
0.11815264225006103
0.11746851205825806
0.11758822202682495
0.11726193428039551
0.11636749804019927
0.11665762066841126
0.11635758578777314
0.11590267121791839
0.11606324315071107
0.11542347967624664
0.11527117788791656
0.11543578207492829
0.11472065150737762
0.11480731666088104
0.11440337896347046
0.1143217921257019
0.11437567472457885
0.11397724449634553
0.11383139789104461
0.11345301866531372
0.11351283192634583
0.1132032722234726
0.11264715790748596
0.11261110305786133
0.112687149643898
0.11239937543869019
0.11197859346866608
0.11171010732650757
0.11149419546127319
0.11179651618003845
0.11119714081287384
0.11121328175067902
0.11018416285514832
0.11031720638275147
0.1099013477563858
0.10957149565219879
0.10977761447429657
0.1095022827386856
0.10953089892864228
0.10896267294883728
0.10854410231113434
0.10900686085224151
0.10860905349254608
0.10868121087551116
0.1082637518644333
0.10801774859428406
0.1077445924282074
0.10781249701976776
0.10791593194007873
0.1073692947626114
0.10745029449462891
0.10739956796169281
0.10722427517175674
0.10706947445869446
0.10702185779809952
0.10690146386623382
0.10650664865970612
0.10665166825056076
0.10656769126653672
0.1062096431851387
0.10606884658336639
0.10595998764038086
0.10624913722276688
0.10555802583694458
0.1058669000864029
0.10529021620750427
0.10485086143016815
0.10502183586359023
0.10473522245883941
0.10447022467851638
0.10467875599861146
0.10401181727647782
0.10429804474115371
0.10397831350564957
0.10384341478347778
0.10333789587020874
0.10404307246208191
0.10326323360204696
0.10339558720588685
0.10345761477947235
0.1027389869093895
0.10336010605096817
0.10283764749765396
0.10310088396072388
0.10245248526334763
0.10247872471809387
0.1022312119603157
0.10177977830171585
0.1022302746772766
0.10212530195713043
0.1025562658905983
0.10170785039663315
0.1015160396695137
0.10149789005517959
0.10152357369661331
0.10190304070711136
0.10132897794246673
0.10116108357906342
0.10109999924898147
0.1012800619006157
0.10083344131708145
0.1007978856563568
0.10084653943777085
0.10046646147966384
0.10098050534725189
0.10047056674957275
0.1002230241894722
0.10076101124286652
0.10058215111494065
0.09982826709747314
0.09997378885746003
0.10028459876775742
0.10015282928943633
0.09971244484186173
0.09942821115255356
0.1003235936164856
0.09971616715192795
0.09941696971654893
0.09977039098739623
0.0996277540922165
0.09954658895730972
0.09954079389572143
0.09955496788024902
model 9
0.7079139709472656
0.6674928903579712
0.6347849488258361
0.606099796295166
0.5778180122375488
0.5496762752532959
0.5241050243377685
0.5035268306732178
0.4880069255828857
0.47506074905395507
0.4609730958938599
0.4429575204849243
0.4307072043418884
0.42288748025894163
0.41620367765426636
0.410578179359436
0.4057739019393921
0.40134039521217346
0.3969467878341675
0.3930628538131714
0.3898665189743042
0.38630813360214233
0.3827818691730499
0.3798802077770233
0.3765856742858887
0.37397979497909545
0.3710884749889374
0.3687033474445343
0.36597161889076235
0.3634942412376404
0.3616093099117279
0.3587879419326782
0.3563965916633606
0.3543006718158722
0.35206046104431155
0.3500414192676544
0.3476367056369781
0.34565806984901426
0.3434855997562408
0.34167133569717406
0.3396402359008789
0.3375054597854614
0.3356674134731293
0.3334754526615143
0.3316429197788239
0.3296347975730896
0.32773595452308657
0.3259476661682129
0.3241459131240845
0.3222137033939362
0.3203983008861542
0.3184603214263916
0.31693110466003416
0.31502442359924315
0.31327003240585327
0.3116355001926422
0.30979602932929995
0.30831961035728456
0.30623135566711424
0.30484315752983093
0.3030629575252533
0.30178514719009397
0.300051087141037
0.29807751774787905
0.29647276997566224
0.2950225412845612
0.29287291765213014
0.29188755750656126
0.2904991269111633
0.2883551180362701
0.2875210762023926
0.28571203351020813
0.2842248618602753
0.28253886103630066
0.2810343086719513
0.27984134554862977
0.2782042384147644
0.2764134883880615
0.2756415128707886
0.27425913214683534
0.27233635187149047
0.27140735387802123
0.269880074262619
0.26869993209838866
0.2670264422893524
0.26602442264556886
0.2646846413612366
0.26336647272109986
0.2624271333217621
0.2606482207775116
0.259549605846405
0.2585791230201721
0.25690157413482667
0.25574626326560973
0.25448734760284425
0.25334914326667785
0.25206186175346373
0.25133258700370786
0.2495794713497162
0.24868244528770447
0.24725664854049684
0.24660364985466005
0.24496611952781677
0.24468428492546082
0.2431597888469696
0.24151926040649413
0.2408721923828125
0.24030352830886842
0.23863883018493653
0.23799759149551392
0.2370184361934662
0.2359466791152954
0.2348659873008728
0.23412981033325195
0.23275368213653563
0.23252900838851928
0.23062099814414977
0.2299349069595337
0.22920771241188048
0.22788046002388002
0.22710955142974854
0.22626685500144958
0.22565389275550843
0.22398660182952881
0.22424609065055848
0.22243468165397645
0.22200897932052613
0.22103650569915773
0.21993567943572997
0.21921258568763732
0.21917324662208557
0.2168864130973816
0.21671887040138244
0.21591306924819947
0.21507242918014527
0.21433213949203492
0.21332950592041017
0.21275346875190734
0.21180452704429625
0.2106766879558563
0.21019023060798644
0.2091573178768158
0.20865365266799926
0.20764207541942598
0.20746994018554688
0.20659708380699157
0.20608210563659668
0.20462098717689514
0.20440319180488586
0.20336381793022157
0.20294627845287322
0.2022740513086319
0.20107032358646393
0.20042849481105804
0.19979388415813445
0.1991287052631378
0.19869493842124938
0.19755030274391175
0.1972887098789215
0.19622107744216918
0.19599436223506927
0.19494503140449523
0.19472559094429015
0.1938714474439621
0.19319227933883668
0.1923034220933914
0.1921804815530777
0.1917033851146698
0.1906202882528305
0.19049246311187745
0.1895321488380432
0.18882874846458436
0.18823262453079223
0.18767660856246948
0.18691951036453247
0.1862379252910614
0.1856699049472809
0.18578309416770936
0.18443022668361664
0.18464600741863252
0.18344731628894806
0.1826689213514328
0.183307546377182
0.18193562030792237
0.18148885667324066
0.18095740675926208
0.1806935340166092
0.1800699383020401
0.17952655255794525
0.17897017002105714
0.17849095463752745
0.1779837429523468
0.1780473530292511
0.1768655389547348
0.17633534371852874
0.17629141211509705
0.17559006214141845
0.17526429295539855
0.17476403713226318
0.17421181499958038
0.1736542046070099
0.17356428802013396
0.17293374836444855
0.17194570899009703
0.17171115577220916
0.1715679496526718
0.17043144404888153
0.17066070735454558
0.17014204561710358
0.1691009819507599
0.1689362645149231
0.16956997513771058
0.1676373541355133
0.16756488680839537
0.1673501342535019
0.16677371561527252
0.16686542928218842
0.16616834402084352
0.16594972610473632
0.1650424212217331
0.16435943841934203
0.1648290991783142
0.1637812852859497
0.1633240431547165
0.16338206827640533
0.16280608177185057
0.16264987289905547
0.16199145913124086
0.1618445634841919
0.16138976216316223
0.16115839183330535
0.1601279318332672
0.1604300856590271
0.15977306067943572
0.15930083096027375
0.15857135355472565
0.15846749842166902
0.15786431729793549
0.1583839774131775
0.15685891807079316
0.15741865038871766
0.15622622072696685
0.15714086592197418
0.15572749674320222
0.15632505416870118
0.15482457280158995
0.15578213334083557
0.15478577911853791
0.1544988512992859
0.15399910211563111
0.15380004942417144
0.15342247486114502
0.15345064401626587
0.1526986539363861
0.15274244844913482
0.15221907794475556
0.15244212448596955
0.15162837505340576
0.15167889893054962
0.15102210640907288
0.15056514143943786
0.15085657835006713
0.15005093514919282
0.15008896291255952
0.14983941316604615
0.14943919479846954
0.14940192997455598
0.14826880395412445
0.14824205338954927
0.14838827252388
0.1475880563259125
0.14691120982170106
0.14759807288646698
0.14707461297512053
0.1467960238456726
0.14611835777759552
0.14625973999500275
0.14574123919010162
0.14601756632328033
0.14507087469100952
0.1448876142501831
0.14505575597286224
0.14455879032611846
0.14413210451602937
0.14432079792022706
0.1435277581214905
0.14384638369083405
0.14323444068431854
0.14304129481315614
0.14263193905353547
0.14219877421855925
0.1422906517982483
0.14175768494606017
0.1416381925344467
0.1413464218378067
0.14143874049186705
0.14064154922962188
0.140935480594635
0.14069299697875975
0.1401062488555908
0.1398754060268402
0.14011671245098115
0.13976191878318786
0.13987296521663667
0.13908347487449646
0.13965831696987152
0.13908371925354004
0.13893911838531495
0.13885229527950288
0.13900587260723113
0.13825410902500151
0.1383901208639145
0.1381699651479721
0.138373264670372
0.13761323988437651
0.13783095479011537
0.13641132712364196
0.13749097287654877
0.13636034429073335
0.13666532635688783
0.1363489508628845
0.13589849770069123
0.1356566309928894
0.13630167841911317
0.13540331721305848
0.13580120205879212
0.1348740816116333
0.13546936511993407
0.13504346907138826
0.13504399359226227
0.1359466791152954
0.13427982926368714
0.1345210462808609
0.1342787116765976
0.13400278687477113
0.13364680707454682
0.1342494934797287
0.13379399180412294
0.13367688655853271
0.13256816267967225
0.13351771533489226
0.13333450257778168
0.1343623787164688
0.1321890562772751
0.13200715482234954
0.13267675936222076
0.13206665217876434
0.1322307378053665
0.1317196547985077
0.131115061044693
0.1321641117334366
0.13132949769496918
0.13155776560306548
0.1321118026971817
0.1313774138689041
