run 0
model 0
0.13666439149528742
0.1112407773733139
0.09052470438182354
0.08750809812918306
0.08582806969061493
0.07358409343287349
0.06958327600732446
0.06841181223280728
0.06701094335876405
0.06384153366088867
0.06385314394719899
0.06691936175338924
0.07007201071828603
0.06353449188172818
0.07193419975228607
0.07386184819042682
0.0711382606998086
0.07071865876205266
0.06848128349520266
model 1
0.14602973200380803
0.11723146513104439
0.10350050367414951
0.0908852007240057
0.08361818017438054
0.07912344299256802
0.07239239541813731
0.06698637250810861
0.06446029897779226
0.06127231139689684
0.06411285875365139
0.06078245509415865
0.06035716393962502
0.06050124503672123
0.05633208146318793
0.057850241847336295
0.060525629110634326
0.05333333043381572
0.050515028787776826
0.05274417363107205
0.05290082423016429
0.052670687343925236
0.050043978914618495
0.05378271853551268
0.049535235250368716
0.052965730195865035
0.050062494445592166
0.05104557406157255
0.04853571401908994
0.04912928040139377
0.05068074436858296
0.05307633187621832
0.04933645562268794
0.055069591570645574
model 2
0.3450272113084793
0.2973290018737316
0.2678172629326582
0.24354104921221734
0.22327290549874307
0.20621397793293
0.19180062636733056
0.17746493369340896
0.16619375497102737
0.15539852976799012
0.1463362080976367
0.13866606801748277
0.13182872161269188
0.12590231671929358
0.12243834845721721
0.1157238332554698
0.10915878992527724
0.10642550718039274
0.1007827304303646
0.0962969969958067
0.09509652499109507
0.09011746626347303
0.09483938366174698
0.08848234815523029
0.08447385439649224
0.081480691768229
0.08352402364835143
0.07720576766878366
0.07601435044780373
0.07143035298213363
0.07087780553847552
0.06977358059957624
0.06826280942186713
0.06480992501601576
0.06927129719406366
0.06253158850595356
0.06366385295987129
0.06511096386238932
0.06394332880154252
0.05874181790277362
0.05964447893202305
0.059735719673335554
0.057750442530959845
0.055815687868744135
0.05912341214716434
0.05861753700301051
0.05333623727783561
0.05626226384192705
0.054702887497842315
0.054819146823138
0.052717559132725
0.053802409954369065
0.05261497301980853
0.05036427564918995
0.05253929710015655
0.05052530486136675
0.05155297471210361
0.05178300430998206
0.05262032132595777
model 3
0.4549728333950043
0.41660275086760523
0.39395950734615326
0.377825190871954
0.36194234266877173
0.3484079994261265
0.33730902820825576
0.32740972340106966
0.3147912546992302
0.303365271165967
0.29493099376559256
0.2861694749444723
0.27679862827062607
0.2666386179625988
0.2587428204715252
0.2570454802364111
0.24887923784554006
0.23888246156275272
0.23251258134841918
0.22703607752919197
0.22000697888433934
0.21280729547142982
0.20883171223104
0.20524863675236701
0.19676240347325802
0.1916651088744402
0.18947889171540738
0.185960778221488
0.180938733369112
0.1776052139699459
0.17025422528386117
0.16843468099832534
0.166794166341424
0.16908801682293415
0.15664573330432177
0.1582002868875861
0.15250433273613453
0.14921833742409946
0.1471548056229949
0.14313048906624318
0.14535640217363835
0.14344773143529893
0.14141144175082446
0.13324753176420928
0.13093117214739322
0.13000062499195336
0.1251698724925518
0.12583308946341276
0.12462964691221715
0.12457313407212496
0.1205538036301732
0.11860298737883568
0.11489745192229747
0.11464927177876234
0.11284726373851299
0.10980084910988808
0.11234890017658472
0.11206629201769829
0.10791069604456424
0.10716581828892231
0.10629695747047663
0.1065359866246581
0.10233329366892577
0.0998816441744566
0.09773324113339185
0.09607019107788801
0.09586271736770868
0.09580647852271795
0.09571503978222609
0.09518542271107436
0.09691037405282259
0.09351556748151779
0.0922636367380619
0.08906552121043206
0.08978584064170718
0.0905161214992404
0.09230692172423005
0.0927964063361287
0.08485099682584404
0.08714754004031419
0.08628200348466634
0.08932350967079401
0.08306089509278536
0.0820321966893971
0.08391055362299085
0.0805894210934639
0.0810261519625783
0.08253250680863858
0.0860382285900414
0.07872729375958443
0.08148342370986938
0.07795906541869044
0.07698841011151672
0.0757692662999034
0.07535456269979476
0.07735048718750477
0.0738913057371974
0.07309357225894927
0.07599772932007909
0.07123341029509903
0.07341206884011627
0.08051583636552095
0.0757524600252509
0.0718034528195858
0.07326979348435998
run 1
model 0
0.13950302600860595
0.11057994198054075
0.09424942750483752
0.0848615319468081
0.08155459873378276
0.07514920122921467
0.07508825454860926
0.06766910115256905
0.06590967802330852
0.07006476437672973
0.06314511327072977
0.06955108093097806
0.06724990997463465
0.07936223903670907
0.06837301878258586
0.07145269382745027
model 1
0.229838140681386
0.18927142657339574
0.16280625723302364
0.14377812817692756
0.1302856657654047
0.11697889976203442
0.10644940342754125
0.10071436036378145
0.08935849461704493
0.0850205060094595
0.07931284829974175
0.07718642121180892
0.07578332927078009
0.07180648315697909
0.06801330391317606
0.06293452987447382
0.06311427811160683
0.059844748210161926
0.057911329064518215
0.0620702289044857
0.05567844482138753
0.05932070976123214
0.05753411510959268
0.057530044484883545
0.052726938668638465
0.05396744813770056
0.0520887459628284
0.05220226822420955
0.052541714860126376
0.05491860555484891
0.05567681640386581
0.049285602383315565
0.053020921628922225
0.05104950545355678
0.056843305844813584
0.05988405393436551
0.05404236754402518
model 2
0.2517961412668228
0.21783925741910934
0.19843678474426268
0.17968461513519288
0.16454550698399545
0.15427687615156174
0.14365836102515459
0.13372244760394097
0.12675488982349634
0.1215411914512515
0.1154962133616209
0.1082042383030057
0.10450128298252821
0.09781923573464155
0.09340343698859215
0.09338307343423366
0.0902511915192008
0.08204457499086856
0.08582325465977192
0.07731026457622647
0.08185693398118019
0.07288407376036048
0.07223207745701074
0.07056556297466159
0.07107959911227227
0.06834929697215557
0.06634196676313878
0.06375371282920242
0.06380627183243633
0.06456608101725578
0.06096473820507527
0.06076391013339162
0.056824115198105575
0.05918924016878009
0.0571502773091197
0.05629902696236968
0.054180779960006475
0.054630518704652783
0.0532737853936851
0.05220669098198414
0.05270158685743809
0.050889739952981475
0.05747278286144138
0.05018082847818732
0.05022655501961708
0.05343922963365912
0.0524888189509511
0.050489379372447726
0.05041162185370922
model 3
0.5544124156236648
0.5118582993745804
0.4906971357762814
0.47340787649154664
0.4576339155435562
0.44312153458595277
0.4281466223299503
0.41342667788267135
0.400678301602602
0.3867874935269356
0.3759108640253544
0.36412638127803804
0.3520412132143974
0.34234252125024794
0.33238144889473914
0.3231431394815445
0.3134601376950741
0.30576061829924583
0.2957973286509514
0.29023400247097014
0.28060791455209255
0.2724625274538994
0.26552152521908284
0.26143705695867536
0.25286507196724417
0.24557002075016499
0.2414984345436096
0.23710489347577096
0.22814381644129753
0.22270317412912846
0.21843441128730773
0.2112104631960392
0.20726916901767253
0.20347751565277578
0.19773364253342152
0.19554951786994934
0.18851809054613114
0.18471972681581975
0.18128229938447477
0.17732334956526757
0.1743091784417629
0.16893212050199508
0.16793798692524434
0.16294221878051757
0.15987719409167767
0.15617760643363
0.1544154357165098
0.1498818440362811
0.1484757050871849
0.14468467496335508
0.14422551412135362
0.14016503673046826
0.13596214205026627
0.1354028381407261
0.13260555285960435
0.12914675418287516
0.1291199678555131
0.12700194921344518
0.12526534870266914
0.12225936520844698
0.11795189175754786
0.11417904701083899
0.11648020669817924
0.11240853816270828
0.11052945628762245
0.10717068370431662
0.10602675266563892
0.1041653636842966
0.10496114622801542
0.10062886811792851
0.10172884743660689
0.10124914869666099
0.09907093048095703
0.09679228402674198
0.09427594561129808
0.09077457021921873
0.09084221329540014
0.09240347258746624
0.08958076015114784
0.08676804527640343
0.08605558425188065
0.08302777055650949
0.08485313970595598
0.08250863943248987
0.08308718763291836
0.08020942257717252
0.079535349085927
0.07922296142205595
0.0763249708339572
0.07638423014432191
0.07546712039038539
0.07727944748476148
0.07675467357039452
0.07577249789610505
0.0728840353898704
0.07249452099204064
0.07069847667589783
0.07158297356218099
0.06937506198883056
0.06820623762905598
0.06767825800925494
0.06722662709653378
0.0668101517483592
0.06499710511416197
0.06675140680745244
0.06365287378430366
0.06559374425560235
0.06359500782564283
0.06461258735507727
0.06743104085326194
0.06198768503963947
0.06174538731575012
0.061690082866698505
0.06193821178749204
0.0618867501616478
0.05872676242142916
0.059253180585801604
0.05917239533737302
0.05820987746119499
0.059423360601067544
0.05617682142183185
0.05930710593238473
0.05426415354013443
0.05589802442118526
0.05924550229683519
0.05808507120236754
0.05533170560374856
0.054140372667461634
0.053139985911548136
0.05386958410963416
0.05685620922595262
0.05288833761587739
0.05062985271215439
0.054181708861142396
0.052384588215500114
0.052820516657084225
0.04990812670439482
0.04966352600604296
0.04975829254835844
0.05156143372878432
0.05204188534989953
0.05069663310423493
0.05015997365117073
run 2
model 0
0.16121044475585222
0.12425014283508062
0.1006216187030077
0.09098018314689398
0.08605444179847836
0.08119051093235612
0.08607716839760542
0.0809112761169672
0.07236272124573588
0.0770650427788496
0.0708069923799485
0.07031446164473891
0.06829456356354058
0.0767091628164053
0.07193789063021541
0.0710071031237021
0.07517104418948292
0.07358562010340393
model 1
0.2115711450576782
0.1727329034358263
0.14673271533101798
0.12682777401059867
0.11465084496885539
0.10649845842272043
0.09737445544451476
0.08992788754403591
0.08610003031790256
0.07921122489497065
0.07689224733039737
0.0738819831982255
0.07181652272120118
0.0674958985298872
0.06886537820100784
0.0704221754334867
0.06603247756138445
0.06580706788226962
0.06633651740849018
0.061592230666428806
0.05991337420418859
0.06157153462991118
0.0655269144102931
0.06216884711757302
0.05867756484076381
0.06050576558336616
0.06241814903914929
0.05889910948462784
0.05787587319500744
0.06387173696421086
0.05754838790744543
0.05862503624521196
0.06376530774869024
0.0588335317093879
0.05913200839422643
0.05941251358017326
model 2
0.2587396766990423
0.2184413991868496
0.19385255314409733
0.17608966454863548
0.1604431200772524
0.14547547213733197
0.13544074706733228
0.13053452167659998
0.11870195008814335
0.11231377776712179
0.10710796657949687
0.10210750661790371
0.09565815199166536
0.09367725010961295
0.09121577963232994
0.08727338574826718
0.08571707792580127
0.0836238139308989
0.08077051909640431
0.07919046329334378
0.07630023891106248
0.07501672077924013
0.07300889817997813
0.07573380991816521
0.07186104198917746
0.07070776736363768
0.06805203231051564
0.07458675671368838
0.06771027445793151
0.06441522799432278
0.06357517912983894
0.06376999067142605
0.06500822147354483
0.06286415690556169
0.06775786867365241
0.06231783963739872
0.05970497829839587
0.06534955548122526
0.05992365498095751
0.06227373005822301
0.05899597238749266
0.06514306031167508
0.0609718220308423
0.058551924861967565
0.06251086248084903
0.0578084874432534
0.06088200006633997
0.059433956537395714
0.06003171680495143
0.059276622533798215
0.06198696121573448
model 3
0.32433178275823593
0.29263914451003076
0.2724810969084501
0.2572621200233698
0.24462540745735167
0.2337983652949333
0.22330674342811108
0.21447692215442657
0.2060577765107155
0.19852181077003478
0.19207388833165168
0.1844191301614046
0.17824854142963886
0.1713958702981472
0.16674164161086083
0.161028466001153
0.15741180442273617
0.15309304762631654
0.14799310695379972
0.14558070600032808
0.14020843338221312
0.1375409450381994
0.1355129236355424
0.13087353780865668
0.12638600617647172
0.12376923579722643
0.12096093483269214
0.12188980970531701
0.11724373921751977
0.11555882655084133
0.11197339296340943
0.11279785465449095
0.1071771839633584
0.10694661438465118
0.10794679094105959
0.10265294797718524
0.10430446397513152
0.09904762394726277
0.09900907408446073
0.09746343418955802
0.09458740223199129
0.09270786587148905
0.0932645870372653
0.09010490439832211
0.09058000780642032
0.08965201321989298
0.08950723316520452
0.08633543755859137
0.08827759884297848
0.08557936530560255
0.08426346564665436
0.08849690100178123
0.08443190483376384
0.08078506970778107
0.08079391373321414
0.07983116805553436
0.07902477905154229
0.0795830911025405
0.0803231691941619
0.07683420926332474
0.07782485671341419
0.07677383227273822
0.07464136434718967
0.0755427491851151
0.07415041970089079
0.07313139233738183
0.0728208476677537
0.07252104002982378
0.07064283890649677
0.07187275495380163
0.07147566275671124
0.07129936022683978
0.06870519360527397
0.06792949233204126
0.06835651630535722
0.06851184498518706
0.06804784517735243
0.07210817094892263
0.0663937079720199
0.06731740282848478
0.06730583412572741
0.06805280745029449
0.06568002309650182
0.06782174892723561
0.06556423176079988
0.06458563348278404
0.06656115688383579
0.06461816821247339
0.06567180175334215
0.06465410059317947
0.06656458573415876
run 3
model 0
0.14659648686647414
0.11814632657915354
0.09439270347356796
0.09623278751969337
0.08212286327034235
0.07466402435675264
0.0760771669447422
0.07256974522024393
0.07631841432303191
0.07883904511108994
0.0701267693657428
0.07188897719606757
0.06703741427045315
0.07275176802650093
0.07081631580367684
0.07182341595180333
0.06989760822616517
0.07607122287154197
model 1
0.20485243983566762
0.16782719120383263
0.14507435634732246
0.12660857047885657
0.11458790674805641
0.10295473374426364
0.09645842462778091
0.09167879112064839
0.08664737287908793
0.08305686060339212
0.07808269103989005
0.08810416320338846
0.07124630166217685
0.06713167522102595
0.06827771048992873
0.06380282454192639
0.06119380323216319
0.06084410548210144
0.0643108118325472
0.0564775818027556
0.05621974617242813
0.054776215087622405
0.05474389577284455
0.05852431729435921
0.05409010834991932
0.053280232660472396
0.053737443033605815
0.06071840934455395
0.05315523911267519
0.04935088600032032
0.053298510424792764
0.05080815190449357
0.05332171809859574
0.04731523552909493
0.052410310972481965
0.0534441027790308
0.0557645826600492
0.0531127932947129
0.04890458006411791
model 2
0.2782585572451353
0.22554292976856233
0.2007467057555914
0.18201693892478943
0.16538515798747538
0.1514901477843523
0.14218946397304535
0.13621857352554798
0.12047880869358778
0.11368991360068322
0.10975014697760344
0.10375843197107315
0.09923358354717493
0.09486567378044128
0.08970529548823833
0.08509667981415987
0.08071831706911325
0.07692316435277462
0.07501814989373087
0.07137323487550021
0.07285846304148436
0.07441942859441042
0.06891166418790817
0.0697471160441637
0.06387005103752016
0.06213914277032018
0.06420822814106941
0.0663244509138167
0.061193611659109595
0.060546545404940845
0.05785840824246406
0.05766226900741458
0.057672889158129695
0.060820915084332225
0.056869853194803
0.05490941163152456
0.05558869913220406
0.053337841480970385
0.050974649284034966
0.057397790066897866
0.058027224335819486
0.05790428640320897
0.0514136653393507
0.04972696360200644
0.053025147691369054
0.04804360186681152
0.050725840218365195
0.04846444046124816
0.05230909930542112
0.047980752773582935
0.050004413910210134
0.04682712610810995
0.05046205744147301
0.05157355656847358
0.04626437094993889
0.049018149450421336
0.05091589018702507
0.04955854844301939
0.05039161648601294
0.04941139309667051
model 3
0.36429663822054864
0.31071104258298876
0.286825405061245
0.2695008233189583
0.2544196184724569
0.24232260063290595
0.23114332146942615
0.22041117772459984
0.2100259207189083
0.2020428840070963
0.19341717027127742
0.18429847657680512
0.1793815292418003
0.17090482972562313
0.16318808756768705
0.15793551988899707
0.15441200509667397
0.14875330813229085
0.14365365356206894
0.13924673199653625
0.13721421249210836
0.13143871612846852
0.12928154189139604
0.12430600635707378
0.12146840933710337
0.11797008346766233
0.11414850763976574
0.11101206354796886
0.10915564857423306
0.10617840439081191
0.10358731057494878
0.10156079847365618
0.1010735822841525
0.09887556117027999
0.09659516010433436
0.09467393159866333
0.09076018780469894
0.0892128923907876
0.090351153165102
0.08701074831187725
0.08397608287632466
0.08339801412075758
0.08417038638144732
0.07983863111585379
0.07786380453035235
0.0798330644145608
0.07717617470771074
0.07642742255702614
0.07362381834536791
0.07588859470561146
0.07114279344677925
0.07027979316189885
0.07062975717708468
0.06831826856359839
0.06870529986917973
0.06735835848376155
0.06630393769592047
0.06595903811976314
0.06349830087274314
0.06320525780320167
0.0638250794261694
0.06413567503914237
0.06238175081089139
0.06237099394202232
0.06337906122207641
0.0632259912788868
0.06113778371363878
0.058457487355917694
0.058430861588567494
0.05799446953460574
0.05967466058209538
0.05652772970497608
0.05807671537622809
0.05635355161502957
0.05586114674806595
0.05456901267170906
0.054067486245185134
0.05532658975571394
0.05621159514412284
0.05547715183347464
0.054829360265284774
0.05321725429967046
0.053438447695225474
0.05550985746085644
0.054361414071172474
0.05543687213212252
0.05538767091929912
run 4
model 0
0.16559155825525523
0.135627362690866
0.10754696484655142
0.09622585773468018
0.08772920975461602
0.0805828326381743
0.07856746884062886
0.07495816797018051
0.0712541900575161
0.07172728478908538
0.06713131219148635
0.0730220606084913
0.07715755398385227
0.07557029202580452
0.07260024789720773
0.06851289803162217
model 1
0.2333690244704485
0.19317770078778268
0.16647960394620895
0.146500813215971
0.13361008577048777
0.1206547699868679
0.1090197278186679
0.10078347325325013
0.09820893555879592
0.09040418937802315
0.08454106701537967
0.07967545855790377
0.08011377770453691
0.07266280492767692
0.07149282293394207
0.07107033617794514
0.06772494399920106
0.07775312969461083
0.06742552863433957
0.0640712502412498
0.062418879847973584
0.06066431012004614
0.05846396060660482
0.05722274286672473
0.06347463643178344
0.056362844351679084
0.05629837950691581
0.0534767733886838
0.05369751695543527
0.056067961174994706
0.05621338207274675
0.05593262147158384
0.06008318234235048
model 2
0.2698641002178192
0.23508515246212483
0.21428346931934356
0.1973525933921337
0.1825529582798481
0.16773984469473363
0.15755143966525792
0.14903906751424073
0.13902103379368783
0.13435435984283686
0.12374875266104937
0.11947542801499367
0.11445935405790805
0.10791403669863939
0.10676473490893841
0.09990070965141058
0.09624160397797824
0.09448797274380923
0.09117162730544806
0.09137147311121226
0.08705224096775055
0.08357493681833147
0.08032334763556719
0.07636328348889947
0.077695357427001
0.074030286911875
0.0721775759011507
0.06995381992310286
0.07031889026984572
0.06804832378402352
0.07265648562461138
0.06454553678631783
0.06400153879076242
0.06448860689997674
0.06091777877882123
0.0598388354294002
0.06412704568356276
0.0593998952768743
0.05720713520422578
0.05855023302137852
0.05863753762096167
0.05689320247620344
0.054755150247365235
0.06038236608728766
0.057613575179129836
0.05246351473033428
0.05691751902922988
0.05399781009182334
0.05346838338300586
0.05590162863954902
0.05482188668102026
model 3
0.43022321462631224
0.38796865865588187
0.36168377622962
0.33744209855794904
0.3165915489196777
0.29833626858890055
0.2817490193992853
0.2671254754066467
0.25359240025281904
0.24168087169528008
0.2304570645093918
0.22073530666530133
0.2105784934014082
0.20030554234981537
0.19292076490819454
0.1846773449331522
0.177706640586257
0.17039024606347083
0.16536581553518773
0.15781709179282188
0.151798827201128
0.1472604824230075
0.14218728486448526
0.13740444481372832
0.13431213833391667
0.13028260227292776
0.12669749259948732
0.12356380317360163
0.11869581080973149
0.11453318633139134
0.11198391802608967
0.11073997262865305
0.10744982697069645
0.10583254024386406
0.10179795902222395
0.09972158167511225
0.09661376755684614
0.0951717546209693
0.09518975708633662
0.09170020017772913
0.08854707442224026
0.0882710985839367
0.08464414048939943
0.08380143158137798
0.0831377139315009
0.08199390051886439
0.08020093608647585
0.08085932573303581
0.07790636392310261
0.07712505860254168
0.07460846221074462
0.07415215987712145
0.07194824786856771
0.07608802448958159
0.07098459061235189
0.06938488278537988
0.06949230441823602
0.06844222331419587
0.06785410763695836
0.06706887697800994
0.06643337542191148
0.06457110065966845
0.06310950070619584
0.062119696848094465
0.06402317266911269
0.06250488581135868
0.06390009494498372
0.06023309957236052
0.05955284796655178
0.05897421147674322
0.05791805265471339
0.05686005940660834
0.05606430023908615
0.055413846485316755
0.05844385642558336
0.0575746163725853
0.05627239085733891
0.056838680431246756
0.05462040109559894
0.05927394535392523
0.054449818842113015
0.059918996132910254
0.060065838042646646
0.05510775726288557
0.05377925960347056
0.05350956665351987
0.0518441348336637
0.05064703747630119
0.054017375502735374
0.05196320516988635
0.05428094686940312
0.051520751882344486
0.05483641717582941
run 5
model 0
0.13073035683482886
0.10475134067237377
0.09791079796850681
0.08492776276543737
0.07736403848975897
0.07141478033736348
0.07247284194454551
0.06955514643341303
0.07402732847258449
0.074660973995924
0.06613913266919554
0.07335816593840719
0.07041286667808891
0.06843313542194665
0.07845149617642164
0.0745451650582254
model 1
0.23949756883084775
0.1973411776125431
0.1695372026413679
0.1486990474164486
0.13207265809178353
0.1190992197021842
0.1092166118323803
0.10593850929290057
0.09344531372189521
0.08737545218318701
0.08649126179516316
0.08260433049872518
0.07884431174024939
0.07417005272582174
0.0715095012448728
0.07210404835641385
0.07605993784964085
0.06746762748807669
0.06463017147034407
0.06516262479126453
0.06432810537517071
0.06198073578998446
0.06234701946377754
0.05970520079135895
0.05771058881655335
0.05633627790957689
0.056158132292330264
0.06234761327505112
0.05808517830446362
0.06086521875113249
0.058818026538938285
0.05823337333276868
model 2
0.3061365410685539
0.27230302803218365
0.24833558425307273
0.22796720042824745
0.21271665915846824
0.19573937840759753
0.1788856230676174
0.17141505889594555
0.1617488233372569
0.14899294208735228
0.1411305708810687
0.13350801970809698
0.1267116315662861
0.12122333534061909
0.11506473831832409
0.11201345976442098
0.10802532471716404
0.10341913364827633
0.104390356130898
0.0983998004347086
0.09481399524956942
0.09228972736746073
0.09066986488178372
0.08856076346710325
0.08549368884414435
0.08446899726986885
0.08176366528496146
0.0902528589591384
0.07877295576035977
0.07723234314471483
0.0799593023955822
0.07339709782972932
0.07542357575148344
0.0795349814929068
0.07560912314802408
0.07087283497676253
0.07328265672549605
0.07082605641335249
0.07234329208731652
0.06858838172629475
0.06593297962099313
0.07358636548742652
0.07008355101570488
0.06242475062608719
0.0659693474881351
0.06221546595916152
0.0639039920642972
0.06095855478197336
0.06918144384399057
0.06423612870275974
0.0681282626464963
0.06192000387236476
0.06372348526492715
model 3
0.4185957357287407
0.3722665011882782
0.3420001730322838
0.3147891782224178
0.2900994259864092
0.2698350645601749
0.2513049881905317
0.23646635189652443
0.22373978979885578
0.21171212010085583
0.19988360516726972
0.18918922245502473
0.17898079864680766
0.1731680106371641
0.1670438438653946
0.1588239546865225
0.15294325314462184
0.14625259973108767
0.13992512840777635
0.13632683251053096
0.13195971865206957
0.12813542522490023
0.12278530132025481
0.1210283262655139
0.1162401707842946
0.1141114965081215
0.11096012350171805
0.10931083932518959
0.10605968907475471
0.10224766246974468
0.1017642367631197
0.09828581493347884
0.09764515142887831
0.09578603655099868
0.09229193050414324
0.09165460448712111
0.09187118820846081
0.08727046903222799
0.08522011386230588
0.08507814686745405
0.08396045817062259
0.08195854024961591
0.0826950623653829
0.07945368085056544
0.07951662661507726
0.07908765748143196
0.07572176530957223
0.07569165080785752
0.07392887864261866
0.07293038675561547
0.07200664654374123
0.07211513221263885
0.06955375652760268
0.07274599447846412
0.06858774339780212
0.06955586299300194
0.06913843508809805
0.07022385085001588
0.06845964249223471
0.0684933178126812
0.06655977033078671
0.06437742775306106
0.06638477612286806
0.06508219595998525
0.06488276962190867
0.06507988227531314
0.06326218582689762
0.06433098623529077
0.06297586066648364
0.06273650005459785
0.06450884528458119
0.06266164509579539
0.06173488683998585
0.060590073373168706
0.061306203436106446
0.06067118309438228
0.05942997932434082
0.06043744320049882
0.06347630666568875
0.058355144783854486
0.05980356559157372
0.05935959694907069
0.057499513123184444
0.0613516147248447
0.06000270564109087
0.057797071896493434
0.05914498493075371
0.057158592622727156
0.05703231012448669
0.05602312730625272
0.05746756959706545
0.05535942823626101
0.05791436210274696
0.0567703640088439
0.057008642423897984
0.05526270130649209
0.053702615201473236
0.055208877520635725
0.05490044797770679
0.055460354592651126
0.058605744130909444
0.0593831735663116
run 6
model 0
0.12606061324477197
0.1016014039516449
0.09074065368622541
0.08194338800385595
0.07434629080817104
0.07159551102668046
0.07255279878154397
0.07456332575529814
0.07688148287124932
0.06737506026402115
0.0763270833529532
0.07261803448200226
0.06853140201419591
0.07453247988596559
0.07243405948393047
model 1
0.16992571540176868
0.13748202696442605
0.11628648806363344
0.10241102129220962
0.09380527529865504
0.08422625102102757
0.08083746619522572
0.07676921449601651
0.06906437976285815
0.07205835999920965
0.06945715919137001
0.06375780003145337
0.0607707928866148
0.0581420143134892
0.05873358175158501
0.05730577353388071
0.05830895397812128
0.05416916338726878
0.05576444724574685
0.055736784171313045
0.05261288210749626
0.0552943279966712
0.05179365114308894
0.05475633544847369
0.051588204130530356
0.05372774805873633
0.04914805954322219
0.05112322997301817
0.05047853160649538
0.05184079254977405
0.05336711658164859
0.056697426736354826
model 2
0.28261995166540144
0.23455703258514404
0.20793653503060341
0.18935578987002372
0.17345815673470497
0.1614334646612406
0.15114699937403203
0.14107910208404065
0.1334717383608222
0.12442986760288477
0.11961929276585578
0.11306550446897745
0.1072111263871193
0.1062489626929164
0.09878261368721723
0.0966491350904107
0.08960269037634135
0.08685179073363543
0.0863167840987444
0.08190842689946294
0.08012099610641599
0.08268567677587271
0.07696763295680284
0.07324368413537741
0.07539603924378753
0.07136824745684862
0.07064189352095127
0.06944921081885695
0.06903217835351824
0.06995946243405342
0.06365275178104639
0.06429844470694661
0.06101537765935063
0.06548174116760493
0.060609530098736285
0.0623923359438777
0.05817761216312647
0.05971057564020157
0.06005902253091335
0.05795834781602025
0.058948271069675685
0.05727617181837559
0.05673037813976407
0.057710626535117625
0.05773935755714774
0.05671823350712657
0.05978304259479046
0.05603043800219894
0.05453797709196806
0.05741932997480035
0.05357775734737515
0.05216964036226272
0.05482137054204941
0.05670138178393245
0.054368105437606576
0.05177510608918965
0.055694100353866814
0.0534804277587682
0.053655180241912605
0.05198823874816298
0.05247790245339275
model 3
0.5811696335673332
0.4999522164463997
0.47349037751555445
0.45145917162299154
0.431964560598135
0.4107310637831688
0.3899974554777145
0.3725868359208107
0.35535876601934435
0.33830223605036736
0.3246214799582958
0.30994548872113226
0.2963601741939783
0.2854656182229519
0.2754652384668589
0.26309281662106515
0.2543219029903412
0.2434145912528038
0.23522387705743314
0.22946724258363246
0.21919219605624676
0.21300064362585544
0.2056658435612917
0.19927613474428654
0.1925505343824625
0.18619668781757354
0.18338885046541692
0.1768048729747534
0.17232603393495083
0.1659070760011673
0.16167416013777255
0.1585811922326684
0.15172330066561698
0.14846938382834196
0.14586379881948233
0.14065836761146783
0.1362343281507492
0.1357269549742341
0.13409789837896824
0.12741049714386463
0.12517672032117844
0.12336280792951584
0.12113428190350532
0.11688196323812008
0.11601666770875455
0.11574130617082119
0.11138165798038244
0.10794036872684956
0.10717974565923213
0.10409789644181729
0.10748837292194366
0.09920901730656624
0.09837916791439057
0.0963655786588788
0.09429434649646282
0.09564615935087203
0.09480134621262551
0.09329173117876052
0.09142723940312862
0.09211247451603413
0.0861791648901999
0.08827353361994028
0.08433329463005065
0.08465599995106458
0.08251307271420956
0.07907726410776376
0.0773565680719912
0.07915968904271722
0.07750825705006718
0.07793211517855525
0.0761084882542491
0.07430753614753485
0.0731426602229476
0.07383648799732327
0.07451332956552506
0.07270045587792992
0.07056453917175531
0.07157052876427769
0.07015139665454626
0.0714198712259531
0.0705469380132854
0.07175435479730367
0.0701928125694394
0.06935280272737146
0.06427345583215356
0.06497830133885145
0.06499730451032519
0.06398245934396982
0.06577770411968231
0.06415973454713822
0.06344334725290537
0.06246629953384399
0.0653740456327796
0.062352527398616076
0.061203424166887996
0.0626008503139019
0.06113908849656582
0.061395151633769275
0.058779303636401894
0.06152261067181826
0.06684902422130108
0.058872164133936165
0.05704243453219533
0.06229910580441356
0.05669966395944357
0.05789793720468879
0.055213750898838045
0.05584679981693626
0.05796240046620369
0.05799296302720904
0.055462419986724854
0.057621005550026895
run 7
model 0
0.1375363389030099
0.11435684598982335
0.10118556935340166
0.08142863493412733
0.08902833675965667
0.0764740034006536
0.07692470103502273
0.0714706509374082
0.06962528247386217
0.06688108714297414
0.06750630703754723
0.06908363616093993
0.06795862335711718
0.06726194634102285
0.07009316529147328
model 1
0.21080586761236192
0.17269275039434434
0.14841331876814365
0.12947478704154491
0.11564764250069856
0.10670225247740746
0.0945046504959464
0.08944658152759075
0.08614656329154968
0.07856334960088134
0.07483441596850753
0.07164085824042558
0.06924692029133439
0.06510479766875506
0.06431990023702383
0.0613283958286047
0.0641281684860587
0.05910740094259381
0.057696474529802796
0.06002296665683389
0.057654720917344096
0.061116923391819
0.05846184566617012
0.05809476282447577
0.05175722921267152
0.052767096646130086
0.05299178808927536
0.050609478587284686
0.05596579173579812
0.05741898352280259
0.05347427511587739
0.055501995142549276
0.049509457498788836
0.05348087260499597
0.05143051687628031
0.05466110780835152
0.05709063969552517
0.050952306902036074
model 2
0.38700544759631156
0.34005327671766283
0.3086795829236507
0.2840179085731506
0.26186466999351976
0.24115300178527832
0.2227812737226486
0.20833074040710925
0.1949397686868906
0.182296072691679
0.17065167240798473
0.16230543628334998
0.15227990075945855
0.14645130336284637
0.13798109982162715
0.13122632820159197
0.13028588481247425
0.12102907169610262
0.11611698009073734
0.11261321790516376
0.10699630547314883
0.10632583517581225
0.10091011133044958
0.0983675006777048
0.0948808491230011
0.09132070075720548
0.08838857095688582
0.08672092705965043
0.08261648137122393
0.08124027792364359
0.08195588933303952
0.07769587310031056
0.07513797590509057
0.08159654149785638
0.07224894734099507
0.0692274373024702
0.0706603977829218
0.07026522662490606
0.06685698069632054
0.06499458756297827
0.06808784808963537
0.06743099642917513
0.06311455210670829
0.06116111017763615
0.06404343992471695
0.06376746939495206
0.05885258559137583
0.05711646685376763
0.061165067832916975
0.0579971213825047
0.059938415233045814
0.056012668646872044
0.06271134726703168
0.057132260967046024
0.056192501354962586
0.05645263362675905
0.05761992167681455
model 3
0.42412426248192786
0.3822825215756893
0.364865842461586
0.3463933080434799
0.32976184189319613
0.3147920824587345
0.30326741822063924
0.291880214586854
0.2808358151465654
0.2692697163671255
0.25758950151503085
0.24883354380726813
0.2383205145597458
0.23293730579316616
0.22001689858734608
0.21613296419382094
0.20805273316800593
0.2018881630152464
0.19386529549956322
0.18668690659105777
0.18140095174312593
0.17671605609357358
0.17155287712812423
0.16828869208693503
0.16624681428074836
0.16086176596581936
0.15614568665623665
0.15361317973583938
0.1480561735108495
0.14610509518533946
0.14215789102017878
0.1395239021629095
0.13720817044377326
0.1336208341643214
0.1304445618763566
0.12720667645335199
0.12679755520075559
0.12483479585498572
0.12280366607010365
0.11802343558520079
0.11918357070535421
0.11635593753308057
0.11416787039488555
0.11284865718334913
0.11030882820487023
0.10883342083543539
0.10866031683981418
0.10663923043757677
0.10320195220410824
0.10163315180689096
0.10523839686065913
0.09844729043543339
0.0995884109288454
0.09683180805295706
0.09532036352902651
0.0980143005028367
0.09271011408418417
0.09467713348567486
0.09176369234919549
0.0936421237885952
0.09177473979070783
0.0908942031674087
0.08751232903450727
0.08676665192469954
0.08724214248359204
0.08355083111673593
0.08433706862851978
0.0851697818376124
0.08146349824965
0.08372212713584304
0.08111386066302657
0.08422852279618383
0.08103807345032692
0.07752011930570006
0.07657555099576711
0.08741472866386175
0.07880733050405979
0.07655502958223223
0.07637863121926784
0.07798235937952995
0.07949315141886473
0.07256145030260086
0.07270427513867617
0.07426268830895424
0.07442055940628052
0.07032408816739917
0.07148096775636077
0.0683877481147647
0.06865710280835628
0.07051233341917396
0.070013995654881
0.06797884553670883
0.06997708939015865
0.06625475259497762
0.06868141200393438
0.06779365632683039
0.06527853421866894
0.06459879437461495
0.06847716243937611
0.0644566266797483
0.06409147931262851
0.06485697897151113
0.06378508303314448
0.06377143831923604
0.062278706952929495
0.061585743259638545
0.06586943911388517
0.06352763827890158
0.06156479483470321
0.06325498316437006
0.060764995962381364
0.062083821091800925
0.06037440868094564
0.060385610535740854
0.05894548799842596
0.05920805027708411
0.06348159881308675
0.06043933369219303
0.060529105737805365
0.059662986639887096
run 8
model 0
0.14073988571763038
0.10390113852918148
0.09374282862991094
0.08531788028776646
0.0759825672954321
0.0757250977680087
0.07109227860346437
0.06925447108224034
0.06527933487668633
0.06504429886117577
0.0685649904422462
0.06750584165565669
0.06813173885457217
0.07488928250968456
0.06529317870736122
model 1
0.22395545057952404
0.18584719821810722
0.1593942776322365
0.14305937625467777
0.1274140801280737
0.11370215956121683
0.10564823001623154
0.0989985765889287
0.09274402819573879
0.08743546828627587
0.08270821571350098
0.0793829302303493
0.07339977798983455
0.07579548917710781
0.0702637206763029
0.06856999928131699
0.06632209923118353
0.06821286920458078
0.0665236471220851
0.06581386281177401
0.06306717116385699
0.061491220444440844
0.05954829975962639
0.061408663354814055
0.05784188751131296
0.0587211437523365
0.05628238460049033
0.05955996913835406
0.05361054670065642
0.055734549462795255
0.057500201370567085
0.05371305793523788
0.05575077077373862
0.055725423339754346
model 2
0.26306573674082756
0.22679421454668044
0.20587663240730764
0.1912292368710041
0.17709551751613617
0.16644638665020467
0.15968917086720466
0.14710956290364266
0.13860282115638256
0.1325294490903616
0.12629089113324882
0.12031125072389841
0.11615675929933786
0.11141895819455386
0.1063918175175786
0.10356634054332972
0.09759303890168666
0.09603337813168764
0.0963046845048666
0.09120289087295533
0.08812912851572037
0.08619922697544098
0.08630580678582192
0.07980692246928811
0.07781396191567183
0.07767243180423974
0.0738814708776772
0.07405237518250943
0.07542793788015842
0.07190415086224675
0.07222539791837335
0.07472940497100353
0.06741589466109872
0.07388487895950675
0.06787602361291648
0.06850072257220745
0.06466199401766062
0.06547499904409051
0.06425292752683162
0.06269692657515406
0.0660325426608324
0.06292004948481918
0.06038876790553331
0.059258558135479686
0.06160362483933568
0.061271405406296255
0.057422074303030965
0.05657525658607483
0.058285236544907096
0.057497544679790735
0.05974283572286367
0.06127130901440978
0.05754173221066594
model 3
0.2901636503636837
0.2595469426363707
0.24292885661125183
0.22571922913193704
0.21523902527987956
0.2029413443058729
0.19817896485328673
0.1915712609887123
0.1815512865781784
0.17213096451014281
0.1635699776932597
0.15835438426584006
0.15158351548016072
0.14937916286289693
0.14169547744095326
0.13521096371114255
0.13171429391950368
0.13058593720197678
0.1243644492700696
0.12218829095363617
0.11742646601051092
0.1169919902458787
0.11108048185706139
0.1109263151884079
0.10815046094357968
0.10637881699949503
0.10178919266909361
0.10204770993441344
0.09796234145760536
0.10436670053750277
0.10203829240053892
0.09400356095284224
0.09368030950427056
0.09049724582582712
0.08790708938613534
0.09176443601027132
0.090147321857512
0.08526109401136636
0.08376693734899163
0.08421864900738
0.07937022997066379
0.0841785759665072
0.07922393521293998
0.07947370484471321
0.08552961284294724
0.07835278157144784
0.0783068498596549
0.07765430258587003
0.07870153151452541
0.0791031613945961
0.0740258414298296
0.07277876595035196
0.07708543287590146
0.07374887662008404
0.07182375006377698
0.07794420756399631
0.06845523808151484
0.06903484426438808
0.06899493793025613
0.07431697994470596
0.0701171651482582
0.06611001985147595
0.06727245030924678
0.069677949603647
0.0646113058552146
0.07468608189374208
0.06655313866212964
0.06377594489604235
0.06583445454016328
0.06355354394763708
0.0645667340606451
0.06351846791803836
0.06113968621939421
0.062472235132008794
0.06455682357773185
0.0625451060011983
0.06364098489284516
0.05982150780037045
0.06143411621451378
0.0585189213976264
0.058165373560041186
0.05873581077903509
0.058651172649115325
0.06007963875308633
0.05995196076110006
0.058248510118573904
run 9
model 0
0.1325804263353348
0.10343216080218554
0.09421895314007997
0.08427947489544749
0.08020484643056988
0.07440907647833228
0.07194337146356702
0.0781182904727757
0.0698118481785059
0.0681561088655144
0.07262880764901639
0.0662081838119775
0.06748561155982316
0.07025148812681437
0.0717931630089879
0.07200042456388474
0.07040802668780088
model 1
0.2323361948132515
0.1901357315480709
0.16271057352423668
0.14394797217100858
0.12782930210232735
0.1159304529428482
0.10635765660554171
0.09781963769346476
0.09079276211559772
0.08640060536563396
0.08236165158450603
0.07741653462871909
0.07558476831763983
0.07052854718640447
0.07272087717428803
0.06802535327151418
0.06452987994998693
0.06574495416134596
0.06419349070638418
0.062171345483511685
0.060972964949905874
0.061570944637060164
0.05763376485556364
0.055747991986572744
0.055073036998510363
0.060525636095553635
0.06038656644523144
0.05606283564120531
0.05282672513276339
0.054668227303773166
0.05793262738734484
0.054094703029841186
0.05414254777133465
0.06141578555107117
model 2
0.3195307716727257
0.27316068932414056
0.24194468259811402
0.2173941794782877
0.19908288978040217
0.1832339834421873
0.16911048144102098
0.1589423470199108
0.148148849979043
0.13799897022545338
0.13096077907830478
0.12487109676003456
0.11929845325648784
0.11023942977190018
0.10575122069567441
0.10175393037497997
0.0994400579482317
0.09240209721028805
0.08872646186500788
0.08848738446831703
0.0836269491352141
0.08031049659475684
0.07993360832333565
0.0774814946576953
0.07378513859584927
0.07469267938286066
0.06950985910370946
0.0692043519578874
0.06937075555324554
0.06601465158164502
0.06459131445735693
0.062034730426967145
0.06486866148188711
0.06356550930067897
0.0625526899471879
0.05632570991292596
0.057627978082746265
0.05690852934494615
0.05746514340862632
0.05538538815453649
0.05528630996122956
0.05580541305243969
0.053496867418289185
0.053635766822844745
0.05360976690426469
0.05213164994493127
0.0510753127746284
0.0492654288187623
0.051265522930771114
0.04892050782218575
0.048469696380198005
0.04799043294042349
0.050428468827158214
0.054078119713813065
0.04540068488568068
0.0482344750314951
0.049164966028183696
0.04660640060901642
0.04965679505839944
0.043981543928384784
0.044597864337265494
0.0481923027895391
0.04808327546343207
0.04488788302987814
0.05066917799413204
model 3
0.3879598803818226
0.34195542708039284
0.31292769610881804
0.28956928849220276
0.27058433592319486
0.2530315641313791
0.23815835006535052
0.22391761988401412
0.21224064119160174
0.20002117119729518
0.1896338142454624
0.18036933839321137
0.17207695804536344
0.1642667952924967
0.15501309782266617
0.14879141021519898
0.14530683532357216
0.13771220277994872
0.13385914340615274
0.12804277148097754
0.12330566197633744
0.11892945896834135
0.11369846798479558
0.11213004030287266
0.1080732885748148
0.10398131646215916
0.10219165571033954
0.09843198992311955
0.09586622137576342
0.09250602684915066
0.08948789648711682
0.08816838152706623
0.08504836596548557
0.08478530682623386
0.0807082487270236
0.07920242249965667
0.07795732328668237
0.0783234916627407
0.07504781046882272
0.07382160872220993
0.07222517551854253
0.07317704269662499
0.07052956102415919
0.06707941889762878
0.06685687489807605
0.06691149286925793
0.06784385005012154
0.06506879590451717
0.06203644433990121
0.062249303236603735
0.06249868655577302
0.061164626479148866
0.06221505040302873
0.060752777755260466
0.058439345378428695
0.05775352343916893
0.058046167530119416
0.05914918063208461
0.05762262400239706
0.053899727296084166
0.05500770658254624
0.055880296416580676
0.05347248213365674
0.05419294051826
0.05525927366688847
0.054359189420938495
0.055166101455688475
0.05214239526540041
0.04910117657855153
0.05065779751166701
0.04817055072635412
0.049193190224468705
0.04994195476174355
0.0500911608338356
0.05051966421306133
0.05034511936828494
