run 0
model 0
0.14356907531619073
0.13067145608365535
0.12475843727588654
0.12361481338739395
0.11797729879617691
0.1270089026540518
0.11373866200447083
0.11405725106596946
0.11469804402440786
0.10961679667234421
0.10991718471050263
0.11388277243822813
0.11684896778315305
0.1052528541535139
0.1182215442880988
0.10578310620039702
0.10924045015126467
0.10450006984174251
0.1083909584209323
0.10585775710642338
0.11723022516816854
0.10859593637287616
0.10972888227552176
model 1
0.08637090912088752
0.07480884939432145
0.07537990538403391
0.06786100780591368
0.07116532381623983
0.06629758914932608
0.06723699839785695
0.06367972502484917
0.06466530915349722
0.06630188254639506
0.06688495986163616
0.0676400418393314
0.06621200721710921
model 2
0.22178901061415673
0.11286194138228893
0.0817476681433618
0.07129021137952804
0.06374622723087668
0.06307209627702832
0.05972757330164313
0.055671441555023196
0.05478320783004165
0.0559157564304769
0.05629204390570521
0.05333669222891331
0.053718714602291585
0.052591639058664444
0.05211249100975692
0.05418216218240559
0.05562848690897226
0.054153265850618484
0.05135801243595779
0.05099316551350057
0.053364619286730884
0.0517763577401638
0.05050794309936464
0.05175723400898278
0.05128233255818486
0.050968025298789146
0.0509092487860471
0.05815132074058056
model 3
0.46281287968158724
0.41861406713724136
0.39142675548791883
0.3709937147796154
0.3503725603222847
0.3333514235913754
0.3167129553854465
0.3016263172030449
0.2871078923344612
0.27431858517229557
0.26221674531698225
0.25110455229878426
0.24029009304940702
0.22900840677320958
0.2194969080388546
0.21173908710479736
0.2048504061996937
0.19564032703638076
0.18892976865172387
0.18398923724889754
0.17582798041403294
0.17227737605571747
0.16500725783407688
0.1604935225099325
0.15721646770834924
0.15030327141284944
0.14573944322764873
0.1416732532903552
0.1393593003973365
0.13612633235752583
0.13285298328846692
0.12742963414639236
0.12516030631959438
0.12078350074589253
0.11924164667725563
0.11684664525091648
0.1137871840968728
0.10955673027783633
0.11125429850071669
0.1050003483891487
0.10266514159739018
0.1003226611763239
0.09983808994293213
0.09765108413994313
0.09582706727087498
0.09427816905081272
0.09383515063673258
0.09143880046904088
0.08945366088300943
0.08823135271668434
0.08964414149522781
0.08430342469364405
0.0831494377925992
0.08371576871722937
0.08139893691986799
0.07975949849933386
0.08080717157572508
0.0779188816435635
0.07479245224967598
0.0765514999628067
0.07581024672836065
0.07502931021153927
0.07282245717942715
0.0738565175794065
0.07169620068743825
0.07102027907967567
0.06753860712051392
0.06885080263018609
0.06615253631025553
0.06714602774009108
0.06710757622495293
0.06774054076522588
0.06582707995548845
0.06512292306870222
0.06300551677122712
0.06324353478848935
0.06382810268551112
0.06359673282131553
0.061101425904780626
0.060469876136630775
0.05962617294862867
0.06119530452415347
0.06054278863593936
0.059326973836869
0.05791396396234631
0.05745288161560893
0.05739205004647374
0.05818870905786753
0.056479564495384695
0.05654878094792366
0.0560416754335165
0.05730980616062879
0.055997006688266994
0.05657553132623434
0.05443006996065378
0.05482639204710722
0.056098342221230266
0.05369046097621322
0.05606498019769788
0.05413846950978041
0.05454632434993982
0.05245943339541555
0.053613963071256876
0.051782235596328975
0.05496693588793278
0.055683649983257054
0.0527398101054132
0.05201274948194623
0.05239085964858532
run 1
model 0
0.1451349886134267
0.13616365641355516
0.12029419019818306
0.11438334882259368
0.12486117444932461
0.11833376977592706
0.11385720726102591
0.10881910137832165
0.11055224742740392
0.10837947204709053
0.10865917187184096
0.10882878806442023
0.11098348908126354
0.11526176948100328
0.11025556214153767
model 1
0.09265675600618124
0.07454336751252413
0.07115226620808243
0.0726213357411325
0.0716046679764986
0.06842670710757374
0.07397987945005298
0.06534761413931847
0.06829984094947576
0.06502200458198786
0.06822911845520138
0.07080061826854944
0.06479770774021745
0.07082463996484875
0.06714217318221927
0.06258234288543463
0.06638301080092787
0.0657089812681079
0.06434782883152365
0.06147540397942066
0.0637304412201047
0.06015137247741222
0.062171439081430434
0.06213495107367635
0.058362141530960795
0.06350722527131439
0.060703549161553384
0.05961327981203794
0.06325715379789472
0.06494657788425684
model 2
0.2406869012862444
0.1248018465936184
0.0903208028525114
0.07566836504265666
0.0696524371393025
0.06608422696590424
0.06132835391908884
0.05964284250512719
0.06158547578379512
0.060244640614837405
0.05538710518740118
0.05641392646357417
0.05727405087091029
0.05611987789161503
0.05635179141536355
0.05553847472183406
model 3
0.41736626625061035
0.3659629724919796
0.34200373068451884
0.32326416820287707
0.3089693695306778
0.29547937102615834
0.28363296277821065
0.2726116288453341
0.2635729253292084
0.2517339393496513
0.24476075544953346
0.23522513583302498
0.2257179070264101
0.21858593299984933
0.21214781999588012
0.2043802473694086
0.1985432155430317
0.19156321734189988
0.18703676275908948
0.17952127382159233
0.1748886201530695
0.16947235241532327
0.1644296556711197
0.15946104526519775
0.15429132021963596
0.15310187973082065
0.1480023620650172
0.14378048293292522
0.13979723304510117
0.13601560685783626
0.1355029482394457
0.12934723850339652
0.12717161495238544
0.12589970491826535
0.12242426294833422
0.11965642385184765
0.11639049425721168
0.11421164460480213
0.11115725189447404
0.11248085554689169
0.10740851312875747
0.10534709710627795
0.10355250891298055
0.10109560415148736
0.10103325545787811
0.09828851874917746
0.09680046234279871
0.1000917574390769
0.09616300426423549
0.093114098533988
0.09128184728324414
0.09046834800392389
0.08839140143245458
0.08696090281009675
0.08644413677975535
0.08415416907519102
0.08136216495186091
0.08136610155925154
0.08529595592990517
0.07960349041968584
0.07782488418743014
0.07837575459852815
0.07572586871683598
0.07657493622973562
0.07788448669016361
0.07451027110219002
0.07400740971788763
0.07340800045058131
0.07266888646408916
0.07229633275419474
0.0692156009376049
0.07332807062193751
0.06850397232919932
0.067509797308594
0.0663500277325511
0.06709028612822295
0.06679581422358752
0.06433429047465325
0.0661654956638813
0.0641004373319447
0.0655635118484497
0.06214346457272768
0.06394222909584642
0.06370068481191993
0.06373070999979973
0.06270075729116797
0.06270838510245084
run 2
model 0
0.14978729728609325
0.12871757559478283
0.12193585000932217
0.12461365386843681
0.11686797402799129
0.12412464618682861
0.11797247529029846
0.11139138918370009
0.11229883674532175
0.11202298812568187
0.10832747146487236
0.11445383932441473
0.10732746068388224
0.11606822796165943
0.10425206273794174
0.10931598022580147
0.10647177696228027
0.11352972127497196
0.11758912540972233
0.10800138413906098
model 1
0.08723650416359305
0.08278200617060065
0.07741179000586271
0.0694730181246996
0.07237525433301925
0.06802912056446075
0.06893820613622666
0.06468029087409377
0.06624190164729953
0.06236784216016531
0.06635789452120662
0.07034542514011263
0.06126618832349777
0.060717528127133845
0.059039241448044774
0.06473890002816915
0.06114757182076573
0.06097363298758864
0.0636072819121182
0.06273230910301208
model 2
0.22320922762155532
0.11453826148062944
0.08338912939652801
0.07118231430649757
0.06845379937440157
0.06289438819512724
0.06137006962671876
0.06435140296816826
0.05596602289006114
0.059258860908448695
0.057882142066955564
0.05649153087288141
0.05420445729978383
0.05469310395419598
0.0542594188824296
0.05316385249607265
0.053880074573680756
0.0534268768504262
0.05471756337210536
0.053159527108073236
0.05281371995806694
0.053668832220137117
0.05452478532679379
0.053460995014756915
0.05338440677151084
0.052909509465098384
model 3
0.43370508700609206
0.3740206442773342
0.3524007573723793
0.33611138388514517
0.3209476388990879
0.3072937846183777
0.29509476721286776
0.2848886553198099
0.27300361469388007
0.2624005816876888
0.2534082729369402
0.24405817426741122
0.2354082278907299
0.22767437621951103
0.22139453068375586
0.21748937331140042
0.20804688110947608
0.2014360088855028
0.19694825932383536
0.18991233520209788
0.1864054374396801
0.18120592571794986
0.17782693579792977
0.17641500048339367
0.16811842620372772
0.16359408423304558
0.16057007424533368
0.16006359755992888
0.1538601139560342
0.15086418334394694
0.14827898815274237
0.14474933538585902
0.14195540007203816
0.13955733180046082
0.1344733528792858
0.13439889177680014
0.13288128431886434
0.13061203081160783
0.1273280942812562
0.1262736415490508
0.1245154270902276
0.12102824468165636
0.11924937143921852
0.11771291121840477
0.11671264972537757
0.11564546599984168
0.12410494647920131
0.11291393265128136
0.1122252805158496
0.10886430982500314
0.10809954069554806
0.10884725451469421
0.10782586708664894
0.10460082385689021
0.10295143444091082
0.09946504002436996
0.10134129831567407
0.0997983899898827
0.09834532830864191
0.09804469030350446
0.09988144775852562
0.09504690514877438
0.09647950381040574
0.09632700970396399
0.09202382853254676
0.09386320170015097
0.09187892600893974
0.08967859139665961
0.08878157949075102
0.0876213607378304
0.08928842656314373
0.08677705712616443
0.08912318618968129
0.08782434444874525
0.08803359884768724
0.08660605698823928
0.08142746202647685
0.08472343795001507
0.08261569179594516
0.08422123454511166
0.08339508110657334
0.08451319709420205
run 3
model 0
0.14716857988387347
0.12770722918212413
0.11913753543049097
0.11867605056613684
0.11341654043644667
0.12308414652943611
0.13109124545007944
0.1122238352894783
0.10396557524800301
0.1099331459030509
0.10739697981625795
0.10505406130105258
0.11027287859469652
0.10555950868874789
model 1
0.09685534294694662
0.07798328595235944
0.06903266375884413
0.06923954263329506
0.06677232282236219
0.07318252064287663
0.06749565815553069
0.06030657067894936
0.06747049987316131
0.06060782615095377
0.06796609880402685
0.06020353129133582
0.06517814500257373
0.061549163237214086
0.06430938970297576
0.06087333848699927
0.055876631662249564
0.06111245481297374
0.06963975010439753
0.06485992651432752
0.06033668844029307
0.06688060499727726
model 2
0.33417959585785867
0.18577304780483245
0.12972925864160062
0.1038114544004202
0.08696332992985845
0.08587294137105346
0.07359060505405068
0.07703979527577758
0.0741211307235062
0.07036525961011648
0.061792210675776005
0.06239293534308672
0.06548725264146923
0.06191803822293877
0.06302926987409592
0.06385442232713104
model 3
0.418940693885088
0.38634386733174325
0.3659989148378372
0.3477640226483345
0.3334547758102417
0.3165030688047409
0.30286651402711867
0.2904857486486435
0.27856369204819204
0.2684085309505463
0.2598547820001841
0.25179464779794214
0.24090767577290534
0.23200959153473377
0.22334483824670315
0.2178287148475647
0.21171964518725872
0.20705841034650802
0.19783240780234337
0.1932291630655527
0.18790653422474862
0.18663438297808171
0.17800208684056998
0.176447394490242
0.17190162744373083
0.16662579029798508
0.16301907729357482
0.158225061185658
0.15404895804822444
0.1515646168962121
0.14884989522397518
0.14579304475337268
0.1458800170570612
0.14099041875451804
0.1371379243209958
0.13758028000593187
0.1314023170620203
0.13108647428452969
0.1285649485886097
0.12756212335079908
0.12367732003331185
0.1228750642389059
0.12195612210780382
0.12126096691936254
0.11929344218224287
0.12029835022985935
0.11621445994824171
0.11294624395668507
0.11253160499036312
0.11128352954983711
0.10811946522444486
0.1082901549525559
0.10916514620184899
0.1048479444347322
0.10658027473837137
0.10480056731030345
0.10397908389568329
0.10110487472265958
0.10075868656858802
0.10171997640281916
0.09598626419901848
0.09800186846405268
0.09663483127951622
0.09732961179688573
0.09731493601575494
0.09407568480819464
0.09519604155793786
0.0929648857563734
0.09246085174381732
0.09154455363750458
0.09050303651019931
0.09351175026968121
0.09023660514503717
0.091531319078058
0.09044991210103034
0.08593331053853034
0.08926050439476967
0.08865664973855018
0.08586434135213494
0.0884208770468831
0.09019328458234668
0.08838365133851767
0.0877924481406808
0.08881560703739524
run 4
model 0
0.14631555005908012
0.13335648849606513
0.12658682726323606
0.11613310314714909
0.12172978818416595
0.113852652721107
0.11242887694388629
0.10904562827199697
0.11399861946702003
0.1111744724214077
0.10971625354140997
0.10757835227996111
0.11103951558470726
0.11446495298296214
0.10988856684416533
0.10720094423741103
0.11109694354236126
0.1179084364324808
0.11521589308977127
0.11080885771661997
0.10950316991657019
model 1
0.09923972329124808
0.08217235440388322
0.07468139054253697
0.07270940775051712
0.0818997424095869
0.06856553927063942
0.06945212725549936
0.06547667067497968
0.06497530490159989
0.06544567421078681
0.06968069011345505
0.0703271433711052
0.07476945184171199
0.07113611763343215
model 2
0.1925542376935482
0.10451973080635071
0.08051652498543263
0.06995850587263704
0.06280752597376704
0.06308595295995474
0.06283024717122317
0.06561052687466144
0.0586988496594131
0.05919964057393372
0.0617515878751874
0.05712684486061335
0.058369643753394485
0.0580391900613904
0.05785202044062317
0.06034685079939663
0.05543594742193818
0.0547770582139492
0.05720564746297896
0.05344234760850668
0.051892511267215016
0.05427529402077198
0.053878991212695834
0.056233431212604046
0.05598023571074009
0.05198249146342278
model 3
0.31658902689814566
0.27894255630671977
0.2545864712446928
0.2371596869081259
0.2219908457249403
0.21021926812827588
0.19822914190590382
0.18801964670419694
0.17831770069897174
0.16975797861814498
0.162076585739851
0.15605837404727935
0.14869945421814917
0.14329374339431525
0.13678569328039886
0.13289056923240422
0.1290864022448659
0.12318388428539037
0.11893616989254951
0.11526337452232838
0.11153359301388263
0.1080570062622428
0.10741667319089174
0.10369783993810415
0.10079440921545028
0.1003907522186637
0.09513272307813167
0.09358813650906087
0.09144342336803675
0.08973662070930004
0.08842177968472242
0.0863375248387456
0.0847173785790801
0.08380496641620994
0.08275453951209784
0.08129148641601205
0.07914214665070177
0.07694054702296853
0.07612655982375145
0.0748096290975809
0.07376408623531461
0.07255205912515521
0.072912064101547
0.07086461242288351
0.07052758075296879
0.06875784378498792
0.0703756058588624
0.06923174895346165
0.06735943304374814
0.06898841261863708
0.06871868325397372
0.06512697227299213
0.06461096508428454
0.06433566687628627
0.0624241785146296
0.06339217713102699
0.06304155280813575
0.06306572221219539
0.06222849255427718
0.06131648840382695
0.06204439764842391
0.05906809410080314
0.0615337373688817
0.05892555685713887
0.05849100090563297
0.06130880936980247
0.06016249228268862
0.06001862920820713
0.057746808603405954
0.05887949047610164
0.059341015107929704
0.05860080802813172
0.056747727934271096
0.057111647259443996
0.05870896214619279
0.05620549321174621
0.05958191957324743
0.05709498273208737
0.05485246041789651
0.054782901983708145
0.0544453214854002
0.05461320877075195
0.05367708550766111
0.0535030722618103
0.05365157639607787
0.05542637761682272
0.054997400380671024
0.05508913733065128
0.0530576647259295
0.053943953942507505
0.052238733926787975
0.05301968473941088
0.052203110652044415
0.052866161055862906
0.05201553390361369
0.053697225637733936
0.056812585704028605
0.05191601612605155
0.05217584418132901
0.05111419591121376
0.05272088702768087
0.05421883976086974
0.05092377788387239
0.058549557160586116
0.0520694047678262
0.05048305653035641
0.05107025187462568
0.05206951936706901
0.04981935294345021
0.050059723248705265
0.05416122814640403
0.05211969902738929
0.053337820107117295
0.052669408917427066
run 5
model 0
0.1490126920863986
0.13116805236786605
0.12593139372766018
0.12760704159736633
0.12825370393693447
0.13395070377737284
0.11934784557670355
0.11887856312096119
0.1193805381655693
0.11631726603955031
0.10477193426340818
0.1033068735152483
0.10844778455793858
0.10855519641190767
0.10777813792228699
0.10836610607802868
0.10812236797064542
model 1
0.09267125762999058
0.07818019781261683
0.06816182816401124
0.07200740352272987
0.06627766015008092
0.06710544107481838
0.06525611244142056
0.06283704433590173
0.06585848303511739
0.06537582520395517
0.05992966592311859
0.0644029164686799
0.058545909449458124
0.06295633437111973
0.06418720670044423
0.06316186366602779
0.062000112049281596
0.0605862770229578
model 2
0.1890708401799202
0.096887824870646
0.078285909909755
0.06730287726968527
0.06260306183248758
0.06420163977891206
0.056530779041349885
0.05760891987010837
0.05781269371509552
0.05556356627494097
0.05623568799346686
0.05347368447110057
0.057239338755607605
0.05445357821881771
0.05271082781255245
0.05372702502645552
0.056577638071030376
0.05310992067679763
0.05631727632135153
0.05488816509023309
model 3
0.3438749209046364
0.30920963138341906
0.2840942829847336
0.2634050317108631
0.24555483385920523
0.23006482645869256
0.21671911105513572
0.20449875704944134
0.19429280795156956
0.18360520303249359
0.17415791787207127
0.16591559983789922
0.15947142988443375
0.15225348956882953
0.14652187377214432
0.1404622331261635
0.13609047923237086
0.1296043809503317
0.12670343108475207
0.12345371413975954
0.11780472751706839
0.11453936342149973
0.11198300868272781
0.10886408220976591
0.1058128111064434
0.1043159805238247
0.10154002867639064
0.10026516318321228
0.09941168669611215
0.09364876989275217
0.09077461268752814
0.08836804218590259
0.08835776839405299
0.08617335725575685
0.0851774038746953
0.0825594125315547
0.08081228947266936
0.07926741931587458
0.07902024006471038
0.07600289061665536
0.07628498096019029
0.07691335957497358
0.07477786419913172
0.07243076981976629
0.07199101345613598
0.06964233703911304
0.06988174412399531
0.06983505384996533
0.06883134311065078
0.06785587584599853
0.06806490486487746
0.06737203672528266
0.0683866229839623
0.06425016727298498
0.06470189951360225
0.06316502038389445
0.06234195278957486
0.062412613164633514
0.061391418892890216
0.06032556565478444
0.06163159757852554
0.05966577976942063
0.059473114740103486
0.059682322386652234
0.058283282537013294
0.05966182146221399
0.06060849167406559
0.05678263222798705
0.05772179365158081
0.05594435427337885
0.05737736243754625
0.05705681685358286
0.05702371941879392
0.056310287211090326
0.0613482560031116
run 6
model 0
0.13900485020130873
0.1367282161489129
0.12467098738998175
0.12148177102208138
0.12464513033628463
0.11219331976026296
0.12052144967019558
0.10659621041268111
0.10468401424586773
0.11708245873451233
0.1137798547744751
0.10713837668299675
0.10515325050801039
0.10588138662278652
model 1
0.10838623829185963
0.09410674069076777
0.08143077110871673
0.08402952887117862
0.06935145547613501
0.07012127283960581
0.0746111604385078
0.0667669117450714
0.07100232318043709
0.06376703316345811
0.07324699042364954
0.06439975881949067
0.06539609916508198
0.06599700124934316
0.0577732415869832
0.05976656200364232
0.061392993293702604
0.06070733778178692
0.05891913678497076
0.05654715951532126
0.054799351003021
0.058222418930381534
0.05949553782120347
0.058618026040494445
0.061284843180328605
0.05921647194772959
model 2
0.21580277159810066
0.11541502736508846
0.08966309251263738
0.07593023460358381
0.07505879644304514
0.06667169909924268
0.06469669518992305
0.06504876175895333
0.06311129294335842
0.06349784936755895
0.06272394992411137
0.06083155460655689
0.06397493351250887
0.06061977902427316
0.05955618065781891
0.06443315204232931
0.06514565097168087
0.05918782674707472
0.05557915125973523
0.05862589250318706
0.0619092121720314
0.059805092168971896
0.05829486111178994
0.059973649494349954
model 3
0.31410540007054805
0.2805809162557125
0.2591938279569149
0.23931986279785633
0.2242503497749567
0.21077440790832042
0.19892581030726433
0.188434587046504
0.1787858210504055
0.1712347287684679
0.16220224164426328
0.15573088992387057
0.14854717962443828
0.14310192689299583
0.13689838126301765
0.1315848408266902
0.12605444490909576
0.1238816224038601
0.11851337179541588
0.11454317905008793
0.11288373041898012
0.109099099971354
0.10551605429500341
0.10115990862250328
0.10024580135941505
0.09623281676322222
0.09615926500409841
0.09159777294844389
0.09048561863601208
0.08858586512506009
0.0878042297437787
0.0859141394495964
0.0840069929137826
0.08259393535554409
0.0836022661998868
0.08310600258409977
0.0782904258929193
0.07757280124351382
0.07931003104895354
0.07519076550379396
0.07791688265278936
0.0758862084709108
0.07138929283246398
0.07429010514169931
0.07299919137731195
0.07235796973109246
0.06882488327100873
0.06787629704922438
0.06680697184056043
0.06644656751304864
0.06762300953269004
0.06577680790796876
0.06550354911014437
0.06521197129040956
0.0665954033844173
0.06913018198683858
0.0648700788617134
0.06363353868946434
0.06465204479172826
0.06137214070186019
0.06060626152902841
0.06024758359417319
0.06015531253069639
0.06588009530678392
0.061829378642141816
0.06592906108126044
0.06059514554217458
0.06048417650163174
run 7
model 0
0.15379127264022827
0.1316738545894623
0.13073110897094012
0.1206689052283764
0.12335232552140951
0.11128689199686051
0.1189016703516245
0.1136782506480813
0.12174842730164528
0.11929614022374153
0.1264444613829255
model 1
0.09693055637180806
0.07756770858541132
0.07253397377207875
0.07147715119645
0.06480529177933932
0.06827324442565441
0.06641038898378611
0.0717930338345468
0.06824921919032931
0.06301466822624206
0.06832392187789083
0.06328249052166939
0.061095120199024675
0.07011226257309318
0.060897407960146664
0.06390381688252092
0.06316579738631845
0.06211432097479701
0.05944613525643945
0.06312822178006172
0.06892318669706583
0.06945243449881673
0.07394236447289586
0.06970895491540433
model 2
0.21086455285549163
0.14355514086782933
0.1085255871526897
0.08561062309890985
0.07999740540981293
0.07843638118356466
0.07424583146348596
0.07514827409759164
0.07014416102319956
0.06674896627664566
0.0628337737172842
0.06866521965712309
0.06487004859372973
0.06808666656725108
0.0651965819299221
0.06647804463282228
model 3
0.4247857891023159
0.36263795495033263
0.340477229654789
0.32214677184820173
0.3044527567923069
0.2911739990115166
0.2776941183954477
0.2653663519769907
0.25538283847272397
0.24427180625498296
0.23388028368353844
0.2238579984754324
0.21508710235357284
0.20661187134683132
0.20001828745007516
0.19319624081254005
0.18543082773685454
0.17966254763305187
0.17560734376311302
0.16992969177663325
0.16539565548300744
0.15927479192614555
0.1545522313565016
0.15327249225229025
0.1482572253793478
0.1452908707782626
0.13871789090335368
0.1383292369544506
0.13295045923441648
0.1283177003264427
0.12580114752054214
0.12314650882035494
0.12207171805202961
0.11884850542992353
0.11514124404639006
0.11279577072709798
0.10984592791646719
0.10755051653832197
0.10812884103506804
0.1048884354531765
0.10456187985837459
0.10391198601573706
0.09938313830643893
0.09781941007822752
0.09627909269183874
0.09463611133396625
0.09244514238089323
0.0911382744088769
0.09115520920604467
0.08872456196695566
0.0894148163497448
0.0859861728735268
0.08485069759190082
0.08652455303817988
0.0835356019437313
0.08307294500991702
0.08137407526373863
0.08171570906415582
0.07915869867429137
0.08121967632323504
0.07811001725494862
0.07824422428384423
0.07616372043266892
0.07582553932443262
0.07809499073773622
0.07536663990467787
0.0736216377466917
0.07148512843996287
0.0741716424934566
0.07204131968319416
0.07127010161057115
0.06948977801948786
0.07014182917773723
0.06742915688082576
0.06871157856658101
0.0695649822242558
0.07686903402209282
0.06805146858096123
0.06963918544352055
run 8
model 0
0.1437951685860753
0.131802580319345
0.12428053878247738
0.12196622230112553
0.1172283262014389
0.10769578423351049
0.11338638570159673
0.11246096231043338
0.10908135417848826
0.11878435388207435
0.10554135125130415
0.11038322485983372
0.10777277015149593
0.1061724241822958
0.1103157414123416
0.11019473858177661
model 1
0.08976825904101134
0.08477956913411618
0.07852063123136759
0.07668467061594128
0.06701200660318136
0.06997580574825406
0.06710410108789802
0.06818362530320883
0.07381078209728002
0.06857711533084512
model 2
0.2059025250375271
0.09868715312331915
0.07476001968607307
0.07034816946834326
0.06598131498321891
0.059371646214276555
0.05954608544707298
0.061411620862782
0.05862819869071245
0.06058053206652403
0.05992226335220039
0.05979521488770843
0.06054856833070517
0.05539920628070831
0.05583581496030092
0.05519652431830764
0.05974517250433564
0.053897336265072225
0.05922257201746106
0.05636625699698925
0.05423754192888737
0.05450604148209095
0.056063716486096385
model 3
0.4714804388582706
0.436108323931694
0.4141028352081776
0.39287023469805715
0.3749369613826275
0.35863443538546563
0.341966762393713
0.3207430370151997
0.30110090151429175
0.2867036573588848
0.2749616876244545
0.2634444635361433
0.25290888324379923
0.24305457286536694
0.2344736699014902
0.22623580358922482
0.21824449189007283
0.21308089569211006
0.2031429648399353
0.19974226094782352
0.19097960703074932
0.18744164258241652
0.18224662840366362
0.1760708022862673
0.1727818924933672
0.1660028126090765
0.1616058275103569
0.15685622189193965
0.15235381666570902
0.1467101000249386
0.14303909409791232
0.13913106303662062
0.1364192521199584
0.13221555463969709
0.12883562222123146
0.12724868040531873
0.12406360078603029
0.12211484145373105
0.11727698612958193
0.11379420049488545
0.11189573593437671
0.11200469266623259
0.10709988977760077
0.10582526195794344
0.10578797105699778
0.1023990212008357
0.09987600054591894
0.09879674222320318
0.09548415541648865
0.09420031625777484
0.09409425500780344
0.09195729065686464
0.09298877660185098
0.0892379056662321
0.08995790984481573
0.08560615759342909
0.08574937060475349
0.08367357002571225
0.08146240366622806
0.08235895205289126
0.08076990563422441
0.07994306292384863
0.07919783871620893
0.07980416435748339
0.08022570786997676
0.07639682916924358
0.07916751429438591
0.07641399661079049
0.07396134138107299
0.07362001510336995
0.0734347584657371
0.07118838103488087
0.07175901737064123
0.07129478007555008
0.06995610296726226
0.06803988097235561
0.07008722601458431
0.07009392948821187
0.06901805382221937
0.06774219386279583
0.067639968264848
0.06686053089797497
0.0666592014953494
0.06559123685583472
0.06730255540460348
0.06479306099936366
0.06406853636726736
0.06342108016833663
0.06225230796262622
0.06221401961520314
0.06155368015170097
0.06075469022616744
0.060049564391374585
0.060286234505474566
0.060180969536304474
0.06139018554240465
0.05997779937461019
0.06259185187518597
0.06056512631475926
0.05987871065735817
0.06024108910933137
0.05839105956256389
0.05862363120540977
0.06087900036945939
0.05864557074382901
0.05893660737201571
0.057585632987320425
0.058600856084376575
0.056589394062757495
0.05680629340931773
0.05887711299583316
0.054549343045800926
0.05610764641314745
0.059547938872128725
0.05696873273700476
0.05897572338581085
0.05642729392275214
run 9
model 0
0.1387035921216011
0.12779832296073437
0.11587841305881738
0.12029534038156271
0.11997688729315996
0.11701902728527784
0.12511173635721207
0.10922622624784709
0.11640584412962199
0.10568129234015941
0.10808509811758996
0.11483555920422077
0.10749423708766699
0.10804249215871095
0.10919979941099882
model 1
0.09065625667572022
0.08091952605172992
0.07557382835075259
0.06763162165880203
0.0675579922273755
0.06464827042073011
0.06506129885092378
0.07741099102422595
0.06276749651879072
0.0650457170791924
0.06063299011439085
0.060376310255378485
0.06141633000224829
0.058697769045829774
0.06310935597866774
0.0631860309280455
0.061831509415060285
0.06643138416111469
0.057785593904554844
0.06116879973560572
0.05971025004982948
0.06309835659340024
0.06161067159846425
0.05768203902989626
0.060462848749011755
0.058561136946082115
0.06674699848517776
0.0615810738876462
0.06160975331440568
model 2
0.2755721710622311
0.15924872905015947
0.11766805965453386
0.10106593379750847
0.09389490131288766
0.08705910621210933
0.07822301806882023
0.08030506502836943
0.07505548633635044
0.07138567687943578
0.06524665160104633
0.06763964388519525
0.06624524928629398
0.06959041524678469
0.06326181050390005
0.05884909173473716
0.06517752474173903
0.06436010273173451
0.06512357611209155
0.0611486304551363
0.05699694780632854
0.06279146214947104
0.057530953688547014
0.05717404466122389
0.05693441675975919
0.06086177499964833
0.061024475190788505
0.05475499397143722
0.061602052813395855
0.0629845931660384
0.06355591760948301
0.05407930170185864
0.06046616458334029
0.05906573981046677
0.06585894590243697
0.05648597227409482
0.05514939869754017
model 3
0.4162972442805767
0.3754138521850109
0.34692218974232675
0.3257096134126186
0.307669710367918
0.29002525806427004
0.2770315404981375
0.26344672180712225
0.2500278066843748
0.23979669511318208
0.22937720641493797
0.22096171528100966
0.21257760897278785
0.2032281391322613
0.1956832241266966
0.1896958637982607
0.18293334022164345
0.17744369506835939
0.17185645923018456
0.165572002902627
0.16179255191236736
0.1543426387012005
0.1530953763052821
0.14915018063038588
0.14489493519067764
0.13802548199892045
0.1356341104954481
0.13473945241421462
0.13034233245998622
0.12846910953521729
0.12436609547585249
0.12057734578847885
0.11852496452629566
0.11698446106165647
0.11459919326007366
0.1114614274352789
0.11294944658875465
0.10733152367174625
0.10676512829959392
0.10306074395775795
0.10117413010448217
0.10180759187787772
0.09855146538466215
0.09753664582967758
0.09857783894985914
0.09367396254092455
0.09295499008148908
0.09358765352517366
0.09414589870721102
0.09179043937474489
0.08862619325518609
0.08969885800033808
0.08755742125213146
0.08865667385980487
0.0870178802870214
0.0880187701433897
0.08561787139624358
0.08474503494799138
0.08114467896521091
0.08118443936109543
0.07998730549588799
0.08239349722862244
0.07805570596829056
0.07951073180884123
0.07798379603773356
0.07775410525500774
0.0772363668307662
0.07723335009068251
0.07999005084857344
0.0772788749076426
0.07482675183564425
0.07712736027315259
0.07378740152344107
0.07730178358033299
0.07324478216469288
0.07334552928805352
0.07647109543904662
0.0745418133214116
0.07479867963120342
0.07612577909603715
